subreddit,x,y,silhouette
49ers,-649.933891661083,101.719636787686,0.14804508866065885
BloodGulchRP,-625.7656854379541,100.58918882936199,0.3198526543151638
ClickerHeroes,-638.275790434129,90.7039898482218,0.24977064670591054
ContestOfChampions,-635.56714101358,93.6498131015738,0.22373630507845538
EDH,-632.050697266135,75.900197421044,0.0472729072792619
EarthPorn,-652.8576805479099,79.7647579865541,0.1161279866880326
Gamingcirclejerk,-653.5111106595269,95.5188384710555,0.11729532009035254
GoneWildPlus,-635.464088296473,108.962606268725,0.2987882587425538
KerbalSpaceProgram,-645.215681223268,77.95459984418069,-0.0102326691189368
Kossacks_for_Sanders,-654.6382908897721,93.43608852384631,0.05975329261333292
MMA,-647.197344309074,96.6120359643441,0.1758381825508021
NSFW_GIF,-635.502970076288,109.27763456542299,0.32771172552498895
OkCupid,-628.807613103074,100.731323867694,0.021232307582195013
PoliticalDiscussion,-641.0754661834629,102.30318385808901,0.05134417833875116
Quebec,-652.833653677968,91.4523875864694,0.03786375033009417
RealGirls,-635.4516070541259,110.209555950021,0.2524813146364476
SSBM,-642.409312373292,101.66152932306,0.03732259858479832
Seahawks,-649.237797104761,101.245027577005,0.19307393038654055
Surface,-638.967869924411,79.4924349965998,0.268219996459264
Texans,-648.824307003758,103.24692590788099,0.1907206581160825
Twitch,-638.4316721874981,78.6632231935538,0.18930970991770593
WahoosTipi,-649.1043805817379,105.448170708027,0.2191697714379678
Watches,-646.816419017321,80.5202000645764,-0.03915463981100351
bakchodi,-649.9835907759481,97.30415566371892,0.023242321898303647
bleach,-633.8592535133309,98.2607644955114,0.2584953463225574
clevelandcavs,-650.095523828462,104.230332056812,0.18778181470604383
confession,-617.570641946856,88.1712177354912,0.0031459802847115465
dataisbeautiful,-653.7370220803019,77.3902639266059,0.04914492831262576
devils,-647.21646048287,102.815652854036,0.19950730351539195
discgolf,-643.2904950457599,86.03130498202309,-0.11417858769209231
dogs,-620.353045344144,84.7173482634738,0.07265769529382564
exmormon,-640.3556288825409,88.962643317266,-0.008521767073170762
fantasybball,-620.469172324216,87.921415942131,0.013552477461814616
formula1,-645.769670236337,97.95086610702049,0.03852934195177144
gaming,-656.660959650579,78.7813975107206,0.11439079648257472
infertility,-619.3077212393621,87.31824679965641,-0.03225562776244414
infp,-630.080444390876,95.29377280114589,0.27729840181243104
jailbreak,-635.276881068976,79.0698715217056,-0.028260787581276887
malaysia,-651.942493872257,97.0097083892145,0.06274442176516229
onewordeach,-626.1305205906369,82.4301762129443,-0.0556397297302547
podemos,-646.320205357471,68.9671952052681,0.08272674452641918
randomactsofcsgo,-625.617562527553,86.92856596316021,0.05061691625509852
rpg,-640.002258369056,83.5083598715378,0.2263748984052114
rva,-647.600177355081,90.08810564906099,0.02322304331901646
steelers,-649.734529075777,103.159733222984,0.16001595314559028
teslamotors,-648.8853092456629,89.03756083078079,-0.06661031685463932
thenetherlands,-651.475498736155,88.9015562868367,-0.022955238125710493
vegan,-640.186767223095,86.8885123216975,-0.11005332702630187
zootopia,-645.748553331856,93.49187814780831,0.017240754014937822
Advice,-617.336837957516,86.10973574141322,0.042308914668169564
AndroidGaming,-646.7129448270761,82.4967334672396,-0.03781151906314905
Berserk,-645.87613172829,86.86181712634729,0.22355550076932168
BigBrother,-645.821722516029,105.557655603014,0.08789605516334398
Denmark,-652.06944605685,89.14130430122931,0.024801160955656303
DenverBroncos,-648.245077297057,101.11526070409401,0.18583128128964693
DetroitRedWings,-647.7090474391961,101.703612192353,0.19414642376567368
DotA2,-632.736432705349,83.31640371267791,0.1879151971440239
Economics,-661.426281026531,93.72631811619041,-0.04094330472913533
FlashTV,-641.6634505645391,90.5888370126841,0.14569713074199492
FrankOcean,-641.25668254735,92.3948289034058,0.10309536995191974
InternetIsBeautiful,-656.0007542199289,76.7635213959905,0.1078267903524717
Israel,-652.169144864608,91.169449448951,0.06581699787803422
MarioMaker,-633.415918633254,75.41732973081041,0.13567063766341259
MilitaryPorn,-658.641644587406,91.5310119817688,-0.0563327355137474
MonsterHunter,-639.0560695275401,84.89153305151991,0.2916358336379527
NewYorkMets,-647.325690695803,105.422842521108,0.26688408546461984
Nootropics,-641.146614379426,79.8134851743742,0.25069478529244077
OutreachHPG,-639.795482602963,89.97667627683649,0.09114554148007036
PKA,-642.033773991118,96.014243785149,0.13546800385060434
Patriots,-649.6835895135321,100.946669480271,0.1560390591171523
Pokemonexchange,-625.760453214807,80.11675810850241,-0.05749834639515269
Polska,-646.874282239713,68.47555220525341,-0.030469453020273894
RimWorld,-636.414963835081,88.8552591771675,0.268902957357655
SchoolIdolFestival,-644.5239032845291,95.30098035898821,-0.029531941958576682
Showerthoughts,-621.4083594449389,80.45435647800221,0.018019288316035508
StardustCrusaders,-640.1160565982921,91.5825966816168,0.11886844761543927
TalesFromRetail,-621.409956356419,90.98430855658121,-0.008841804350940242
Whatcouldgowrong,-663.3231338016041,88.98902254848421,0.22225866027491545
XMenRP,-625.758672904651,100.586563565462,0.33603879571070544
apple,-635.960214716784,83.70225729949571,-0.028289887241093076
baseball,-647.128860806585,97.12835546416201,0.08656720958492128
bjj,-639.3627789439689,87.6454289526535,0.19324957571778476
bostonceltics,-650.5252486919741,101.579714800976,0.14299608368062097
brisbane,-646.905223056462,88.4116161870451,0.10573282874754815
business,-652.632085072657,71.5605829937753,0.1518647636653815
comics,-660.4803927267141,80.1625751854466,0.05459161742742287
creepy,-657.410138051195,77.46385243491571,0.0358665333164485
diablo3,-641.024917093754,81.4074295671648,0.26416443112639487
feedthebeast,-639.4468390884381,81.7088427884994,0.2645696913000928
freefolk,-633.0039932506189,91.4207762933128,0.23503472001863288
funny,-656.312243025139,79.22380560920641,0.1438250426201817
future_fight,-640.5192874754409,99.96584885284871,0.0832661286674419
halo,-639.1461162694819,87.238825934036,-0.08596494380492857
japanlife,-638.7073964049359,102.28430350419599,0.13699645872925806
korea,-648.9119537539431,90.7623419290016,0.13355227849244344
mountandblade,-642.599990800843,82.6971954686999,0.2730870770184416
paydaytheheist,-641.782316113403,86.260573361522,0.2873417811131002
personalfinance,-619.159090253283,82.1341858542665,0.060180015706012405
phish,-647.019290039671,103.199864636059,0.05745870866289007
roosterteeth,-645.322028246522,84.4012658563107,0.18201106168089035
sanfrancisco,-651.021105839031,90.2747906840908,-0.0018687804471995801
subaru,-647.637592892248,77.0591440583138,0.061822385658497986
sydney,-647.565879336484,89.57699129146641,0.07565154675347444
tifu,-636.119635007509,77.9784528898179,-0.12282640894217044
torontoraptors,-648.222767400502,101.831879352183,0.03872468775063871
AFL,-646.570948678134,100.09573971337299,0.24519725281220686
AmericanHorrorStory,-634.322410345213,95.8553260974507,0.20249862516697273
AppleWatch,-638.796377966462,79.7884947941963,0.177224761155917
AskEurope,-623.119518170472,88.48529845573,-0.028354958300190237
AskHistorians,-622.444973704943,75.78322615561142,-0.08129774357622549
AskReddit,-628.671056666033,84.23734836145591,0.0864203819253371
AskWomen,-626.2279011679029,88.62690276613442,0.01489000299071806
Atlanta,-647.661869708416,88.6788811770096,0.10137501931138682
CCW,-643.5518332911711,84.00358959472351,0.22405090451187892
CHICubs,-649.0643090908931,106.594986612254,0.20661329782471394
ClashRoyale,-634.445455573142,87.0404824128589,-0.03298990038614403
EngineeringStudents,-641.041161998973,81.7952219522643,0.2927176798720852
Firearms,-650.472494899265,85.92216913397492,-0.05310493218112932
Frugal,-641.022431501176,82.8594486023825,0.19155452369402362
HistoryPorn,-657.687327673809,92.12191143510991,0.034085172169999164
ImGoingToHellForThis,-635.706928550174,107.751699054944,0.29986284100013433
JUSTNOMIL,-633.23929174221,75.5736645342613,0.11803074744020682
MLPLounge,-640.6559391729841,95.0884874431204,-0.019253112535775475
MURICA,-657.1899925082799,83.8768544515064,0.08076149422739258
MaddenMobileForums,-635.929024089922,94.934824594362,0.12663983959910477
MapPorn,-660.830589698472,89.2084399749251,0.09258382640540097
MorbidReality,-635.8502934789869,107.516243976166,0.2530919827545868
Overwatch,-633.062882522793,84.56779633624541,0.1883208129572117
Roadcam,-660.333159571727,88.7176322436122,-0.08483762743494795
SquaredCircle,-646.283115177172,96.3990125855016,0.1866235042075763
StarWars,-638.291126379961,86.4652871058887,0.0263084975907282
StardewValley,-633.720949817411,86.2135973358187,0.24381187951934222
Steroidsourcetalk,-635.686312019161,107.24702741836599,0.23374061039209967
TryingForABaby,-631.7791514180919,95.47824756069029,0.26051188220727256
Unexpected,-662.950362235523,87.8405711379703,0.09893444332531194
UpliftingNews,-657.509016298563,77.3724661241335,0.040849850436335836
army,-632.459189168849,91.4024151534997,0.13538518958729462
britishproblems,-621.670958478883,81.3767745015541,0.02102572953458022
canadaguns,-644.0448055710079,86.0091314514554,0.1479534861806913
circlebroke2,-653.962031124329,93.8718090202153,0.07991675254807577
college,-633.077556363899,93.3414168187221,0.24138304433791272
de,-654.162860629729,89.30405361028141,0.05373120279967927
edmproduction,-640.592480465177,77.9514539124905,0.2663045247557073
fantasyfootball,-639.6252762476751,96.6790387845202,0.0646098819028114
fatlogic,-653.488914614229,87.6718528176873,0.06229972139044286
gamedev,-640.470607995668,77.343362771825,0.19706121087612186
gaybros,-646.011659730945,84.307389789623,0.2067282344167423
greece,-655.747510195582,101.37144602591499,0.03956056607769235
makinghiphop,-633.536594620471,75.3462671917878,0.08239022147687318
metalgearsolid,-642.9946864393451,83.2828167564596,0.19547352862792122
newzealand,-650.39828516322,89.2667118134556,-0.03615112032394321
nonononoyes,-663.50168707793,88.8465533960008,0.20043349470278946
nyjets,-649.399618156286,102.508670573782,0.14996243250173705
pics,-656.201849056357,80.144605326803,0.16122557114972486
pokemon,-634.406388830292,83.4020993201853,0.07599702488189682
ptcgo,-634.376538682156,90.55088835248542,0.31653891885772517
quityourbullshit,-661.177738522986,89.6553597313945,0.11153992031443032
raisedbynarcissists,-618.311313485661,86.5872817538135,0.06029301175388868
running,-640.194771751625,84.8794552048355,0.2134003619212678
soccer,-647.2469293926409,96.54123776987949,0.21282115568163362
southafrica,-652.083436480496,90.8552384874798,0.01474095286093628
titanfall,-632.797636053287,87.9756852856452,0.20901463295326655
trashy,-660.295665424446,85.91767485838508,-0.05476519677653169
treeofsavior,-635.159422186399,90.0784484894897,0.33809300395302444
truegaming,-622.64859356178,89.7348823474078,-0.028991322694368975
ukraina,-655.750897141823,101.384525428904,0.046163879039872874
unturned,-635.320037988581,96.0371040809263,0.2241339822205681
vainglorygame,-635.081315308951,94.30105332747499,0.19828389675399127
webdev,-646.150585375362,80.25860717523491,-0.10868505922350437
AnimalCrossing,-644.641380682891,81.3158012941267,0.1333564738068753
AskDocs,-623.157053974269,77.66435478550049,-0.00139505733879893
DBZDokkanBattle,-635.3607925193741,87.32924709176929,0.06454886678395988
Edmonton,-646.50583654925,87.6430489913014,0.17412492956563574
GrandTheftAutoV,-645.1739815489219,81.2638903168152,-0.12041117717406744
Guitar,-620.619992818737,84.19551976716329,0.09232052943586691
Habs,-651.672024513482,97.44982357580791,0.08043185013617721
OldSchoolCool,-653.622709148813,79.21095801198179,-0.12019090138814252
PoliticalHumor,-653.973990824269,83.82873733178991,0.045589871799412124
PoliticsAll,-654.64527367115,96.61807920861669,0.03796330589613807
RandomActsofCards,-624.2257223056649,82.8384845393252,-0.04552621440994437
Sneakers,-648.516324507631,76.47940494128291,-0.01002958448602041
SubredditSimulator,-635.993451398878,101.82260500615101,-0.06509619003744468
Torontobluejays,-647.042647981778,105.185772248767,0.2469125335010432
WorldOfWarships,-639.281507624334,88.2554705358618,0.13766529141727704
anime,-632.452263072404,82.1987170403932,0.11200514663819312
askgaybros,-631.753875158599,91.14186053983049,0.12102882514599198
beertrade,-624.253533116427,82.7166364684554,0.00955735433967351
bodybuilding,-643.02629869034,101.66591231628999,0.09307309493680484
bonnaroo,-641.214266881569,96.713641123122,0.16631097064333164
canada,-654.4877020924221,88.42897417108591,0.08567481297122348
churning,-641.501199611666,101.288102978873,-0.013014263730598098
civ,-637.8397691615701,83.8796370825353,0.18208155242476376
custommagic,-646.0945504278379,93.6143162770739,0.012084631399199231
friendsafari,-626.862896217471,81.4564824218039,0.02520624303710189
gamecollecting,-647.2021408705809,77.00643767388951,0.07397550691012088
hoi4,-636.1043365928269,88.8614930037047,0.25311702349205156
indiegameswap,-625.346704358573,79.4284172416465,0.0004902338867143565
kpop,-647.010727304317,94.3105468617789,-0.14243616757242453
learndota2,-630.184303558078,94.8628502430492,0.31605482363438775
medicine,-647.8675273946401,84.0408178372045,-0.09089247027051484
nrl,-646.288987835597,99.99770698080098,0.17492927845616277
occult,-642.6827284359259,81.9159609641852,0.2123214772295421
progresspics,-658.32268635554,91.4415851592289,0.044372275014034526
raspberry_pi,-641.5210685197619,78.0498850871323,0.12151199973460715
runescape,-635.372267510422,86.775321121077,0.012325404485688555
science,-652.222102691425,75.0412191848257,0.008941539449132794
serialpodcast,-638.659458608123,102.394494802003,0.0680088676454381
singapore,-651.602970302034,100.159970146115,0.04843420524028733
skyrimmods,-621.702106022712,84.1429160100235,0.05422569843996004
spaceengineers,-643.773914138006,81.216870107428,0.17450196677877247
starbound,-643.664463895209,80.6637437286177,0.2003720038795354
survivor,-642.721717690252,98.4510970039459,0.07419764055466882
techsupportgore,-658.8691660771569,84.4625627306967,0.10165382914224466
watchpeopledie,-635.769411266794,107.75119300102399,0.2360559848269613
ADHD,-619.710707589702,85.7464866541472,0.04720175413306648
AskNYC,-621.8497642974289,86.37900531423469,0.023912958437280023
AskThe_Donald,-622.370810734202,87.1849021309627,-0.0022702190778471536
Barca,-649.426640888806,99.7529825579257,0.1939801740788864
Bass,-640.74656436736,78.5680204206758,0.2299384171955819
Braves,-648.029979314693,103.546922007148,0.19975858097956922
CallOfDuty,-653.094898935166,82.5441090499416,0.09576595380595429
Cricket,-649.954312095997,106.753381471911,0.14236316919157868
Filmmakers,-647.073508196048,80.3653374120239,-0.011688929615188196
Games,-655.136818050024,84.4724137026232,0.07710159191650769
JoeRogan,-649.101724899121,86.18369763969558,-0.019196549205697532
LifeProTips,-621.411571919135,80.47477393904441,0.041132604741743115
Mariners,-648.096861326116,106.590655175425,0.24266161124550145
MobiusFF,-635.1197022955639,92.99763869355179,0.27169702146564845
Music,-654.993362908054,80.26634105747242,-0.004929601193657088
Neverwinter,-634.3015584001,93.9728615222789,0.2813581367101905
NintendoNX,-630.895749501136,89.57118567038451,0.14390079752262913
PhotoshopRequest,-644.9541410859221,73.64090662073559,-0.2494103640267214
SWGalaxyOfHeroes,-634.046610644559,89.0749462260436,0.20165457676662887
SandersForPresident,-644.501639657852,90.8266034685107,0.171953761324606
StrangerThings,-631.2125618958789,87.1531575371888,-0.09823604792333462
WWE,-643.988502969168,103.14867164694,-0.04108965907259258
WeAreTheMusicMakers,-640.781502862166,77.7906455098713,0.18755570221175638
askscience,-622.458002926142,75.71564079515001,0.06233475479611292
avengersacademygame,-635.725911560767,94.6027845975269,0.08337619691112161
bravefrontier,-644.451537128342,98.36261062277251,0.030461236072216256
btc,-653.845839482423,91.9072477306139,0.033428075548293766
dankmemes,-661.120265093431,83.0844448872268,0.019176226309822037
elderscrollsonline,-638.425338051846,83.5373800668589,0.23509503450661257
electronic_cigarette,-634.354527878315,81.65536303465208,0.046615979776898124
ethereum,-648.370669887462,85.26101965168779,0.1295482669803375
fairytail,-633.105496312244,98.3207990250375,0.1201700927804217
gardening,-647.511095771467,77.7900149256507,0.07165787421110817
gundeals,-657.93980288913,89.6134633374983,0.08452610748273395
holdmybeer,-663.377330346989,88.7761378981345,0.17955142587386808
howardstern,-642.51051932902,96.7487113585611,0.030563962022583695
ladybonersgw,-635.400594771989,109.965062561755,0.2844687861553171
leafs,-648.319066166205,100.618776946026,0.20012789018265678
melbourne,-647.5571215158581,89.89337499794891,-0.020248814100278373
minnesotavikings,-648.368911796594,101.117423351569,0.12969783777219346
opieandanthony,-644.597551254664,97.2886694360212,0.050316151250660836
penguins,-647.9362697232859,102.785908286126,0.18401828058762096
photoshopbattles,-651.757435520365,74.9113818429411,-0.17916863357330146
redsox,-648.1428346326551,106.40868504324499,0.23213871358748178
rupaulsdragrace,-644.78227854485,97.27219499406901,0.08566120647700022
starwarstrader,-637.8106405757039,96.74082273058549,-0.026528418711615105
synthesizers,-644.1667853766439,83.488498520661,0.13925280922619487
toronto,-650.302157501304,89.1148486976724,0.01520789235841436
whitesox,-649.210875820827,104.864461551692,0.18670272837108368
3dshacks,-629.689617292803,89.164198671782,0.16105740651211323
Bitcoin,-650.20828932507,87.31629922911051,-0.02957739905285002
BravoRealHousewives,-645.797796383005,100.382723096218,0.08982391012606283
BuyItForLife,-639.9283487676059,75.4981114858587,0.13307946832138584
CatsStandingUp,-662.021346337385,83.4972797110008,0.003829794448842428
CruciblePlaybook,-620.374390115888,86.8159262482188,0.038220909638567405
FashionReps,-632.128121146167,79.19013696009499,-0.040422602159228126
GaryJohnson,-652.3571355998599,93.18111015195721,-0.1131390067101998
GlobalOffensive,-632.918395943415,83.7035360097681,0.21123941587063627
GreenBayPackers,-649.5548475844561,101.379559677759,0.16786763679723848
IASIP,-648.591876567433,83.00280183944601,-0.045727816712337256
LegendsOfTomorrow,-640.0253199895,97.9566373087017,0.07883573096867716
MakeupAddiction,-638.041630031728,82.2633986291739,-0.07474223091327753
Maplestory,-634.942869770972,90.1911729439024,0.265256396910454
MechanicAdvice,-638.384710279359,77.6680207967646,0.17765798125008592
Monstercat,-643.359200828219,94.22700915840299,0.04729998933703144
NFL_Draft,-637.825288535539,99.8901249795705,0.10878205483772752
OnePunchMan,-646.175107352656,85.4178098868033,0.167172527615205
Pokemongiveaway,-627.790886628199,80.833510071572,-0.006896229025862694
Portland,-649.335214857044,89.3048420330488,-0.08368046757328068
RWBY,-644.4358461264,92.5986799593149,0.05456184911727597
Rainbow6,-634.413566833839,86.90481787662969,0.03735394234422421
ShitAmericansSay,-656.5118463811029,94.14855530495491,0.055646769407537794
The_Donald,-644.459918969823,90.9036858614536,0.21256167449844243
TrueReddit,-656.068352868304,91.05117666065969,0.06574792337311101
Unity3D,-642.414171292546,77.6706194664948,-0.08247170938294211
asktransgender,-619.605555188499,85.4989476622657,0.07044198417034908
audiophile,-641.150335616731,80.1078387649413,0.22156323972539083
beer,-648.028570556071,81.8881828052601,-0.07926727857475277
canucks,-647.954542896225,100.161070053932,0.19678384420867331
cowboys,-650.790562108594,101.35919349752199,0.15071465567713346
crusadersquest,-640.690453034087,100.173301191688,-0.022241676239022765
customhearthstone,-650.06546994905,78.70775019393079,0.026314613159361035
detroitlions,-649.597417068665,102.351647164246,0.12605984816022966
fakeid,-632.353206347103,79.3900827563302,0.126914760359389
falcons,-648.311214256871,102.273293358876,0.13820354331748932
funhaus,-650.441011295708,83.5091061153056,-0.10586439191275698
h1z1,-635.185441021226,90.76740049491221,0.20587121660475868
islam,-650.471923265244,92.5267738290017,-0.03366922834187253
justneckbeardthings,-660.1590916964869,85.43722974649509,-0.13128182859879747
lakers,-648.901676220005,101.44167032140801,0.08479213257709592
me_irl,-662.3610837427369,79.47905917922391,0.01155390011804052
motorcycles,-637.941705722162,86.20963035670749,-0.02493441605996095
paragon,-633.941513494024,88.8441523202121,0.19133295681027263
space,-652.3251485542401,75.1912810206752,0.05374842587675192
starcraft,-640.7656711164401,86.21623400070791,0.16193102702625278
thewalkingdead,-641.960168064299,89.2051819494293,0.09422744477678406
uwaterloo,-634.540082249668,91.20216336885271,0.19914784124069002
videos,-655.706577547924,80.241922631135,0.17682448655403518
Art,-656.546267905939,77.11129128019529,0.08320682392160342
CFBOffTopic,-624.761975317342,97.64432552035359,-0.016151374854727944
CrappyDesign,-659.45915037765,83.520670211651,0.11787746602586065
DC_Cinematic,-642.765037657024,90.4270075999325,-0.018997501082801165
DebateAChristian,-624.643647203066,96.5335650540889,-0.05550993120145655
Drama,-646.88257540937,67.3456822144047,0.18480029505558399
Entrepreneur,-620.776272509501,84.6824365210715,0.07720490349514457
GearsOfWar,-632.682711533123,88.6791590239078,0.2641915450531621
INTP,-629.947097075718,95.54568769428741,0.29892470362915524
Judaism,-652.090773136472,91.05826921131741,-0.04755799013962425
Naruto,-634.029307883074,98.25960628290449,0.2357148475871102
Redskins,-649.0453479603781,102.18896199377501,0.19899778871337695
Repsneakers,-632.0816322545379,79.137131096133,0.05999651551553578
ShitWehraboosSay,-653.294830997486,93.82627414540701,0.1006539499984334
SuicideWatch,-616.812201875921,87.0411593894977,0.0061956083779883845
TheSimpsons,-650.245963266735,82.16117400689609,0.02147158822110556
Toonami,-648.2083201977321,107.524885986367,0.16656982659650615
TownofSalemgame,-634.882537381701,93.81142787919691,0.20182878153286962
Vaping,-647.89243563069,76.8184304862652,-0.021316214582993202
atheism,-652.784081148289,77.812230020611,0.0238052355347747
battlecats,-636.288745120784,95.7790667158576,0.16790321521183402
blackdesertonline,-633.575657804332,87.7602806071245,0.10647327505291394
cigars,-623.217602345003,84.0091419802083,0.00868818576737959
collapse,-655.415184247763,91.99817750094059,0.03096546871260604
crossfit,-644.553729172427,85.2145494043851,0.2166407425508837
darksouls3,-619.110807739295,85.2213467873731,0.034447900831236646
factorio,-642.795249378187,79.29733067849979,0.17355757096671673
fo4,-637.495879209777,82.8414306400516,-0.08682888889051163
gonewild,-635.389939643825,109.327909803379,0.2415117352692115
hcteams,-637.664233224946,93.400986545254,-0.0462285837622572
iphone,-638.3337327509839,80.72277202174509,0.1654085609059778
keto,-638.5446213374449,83.2548069137056,0.2267085425995501
lgbt,-649.9923999126361,84.84878646458641,-0.013719769075969633
nintendo,-642.76509776116,88.95504057811429,0.14171050403013766
pakistan,-651.670406762361,91.7645875256637,0.06508038692559608
panthers,-649.631323219226,103.361007202089,0.19219566127486704
radiohead,-641.296358101142,91.1868004699632,0.12415614082968708
rage,-657.874010476009,91.6877860034317,-0.1321732892839004
shield,-636.784362097229,104.545605398489,0.06922036235755873
swtor,-639.702024768882,85.0440466040936,0.28245120368736687
thinkpad,-639.481517003897,79.28397139801059,0.2518788655028261
warriors,-650.362430694551,103.786290574207,0.09517288774129531
westworld,-630.6011448631231,88.90216761988941,0.13459290827518902
wicked_edge,-644.046679238356,78.5732150540358,-0.07902099141507647
woahdude,-662.804940211637,88.2415896134328,0.1404786302039669
wowservers,-631.041356129745,89.38656994810628,0.2467236879987818
3Dprinting,-644.977732419254,77.2054560981044,-0.02987675484473902
Anarcho_Capitalism,-654.171982954275,91.3616307738295,-0.005113925102799103
Brawlhalla,-638.649314835696,93.26048875363328,0.13739925977924397
DIY_eJuice,-641.395892520614,79.6585491254598,0.2580458428701891
Dodgers,-648.2287124826851,106.32989760022,0.2521861344934979
HunterXHunter,-633.558434266026,98.2067875420546,0.2804319054924205
LivestreamFail,-659.242792209685,85.92112290914619,-0.12445095116228495
MLS,-646.4357704069799,98.56138848692949,0.09759914175967829
Parenting,-619.7871711537999,86.23342737933291,0.05523010221024416
RandomActsOfGaming,-646.959783271985,107.868758372186,-0.08011425723051763
Rivenmains,-638.6590898547701,92.6927093567799,0.19235235969098735
RocketLeagueExchange,-630.378880488294,80.9752891632187,0.08457172352087823
Steam,-636.845683850758,78.56309656190591,0.1937475034088954
TheBluePill,-656.386371777525,92.91446513070379,-0.034803957356809676
Turkey,-652.0773066303141,91.96227823472141,0.007919481909832195
WaltDisneyWorld,-644.532285778922,87.3150891681431,0.19635842966178085
beermoney,-623.130822439899,84.8694040238872,-0.007775160507634628
beyondthebump,-632.1405124725869,96.1197194572632,0.2197652272237686
breakingmom,-618.9748773517949,87.1869460238472,0.027233840601028216
chicagobulls,-650.4926293161129,101.55094083447099,0.20408129899520164
coys,-648.409580880592,100.404295791961,0.18515432613230684
depression,-616.896470535061,87.1480812130339,0.05003674989734515
forza,-632.497783705633,87.51683554490721,0.20289956840150228
fountainpens,-645.064910728668,77.3237900885143,-0.04177995354375686
grandorder,-640.994884854843,93.7671329866173,0.07859202846176733
hillaryclinton,-656.7064460680419,96.672581326938,0.02133965537400258
im14andthisisdeep,-659.898319153588,83.5487601151083,0.06530355484656324
linux_gaming,-644.752147054593,82.94060861343449,-0.0626061798972114
manga,-632.518979927445,75.878208321701,-0.04561903097991524
minecraftsuggestions,-623.605742340103,83.3940771676118,0.005163495954990908
nsfw,-635.4578839546799,110.090247495846,0.28975399950968506
pcgaming,-642.740748026835,89.1184643378048,-0.04332477568419676
pettyrevenge,-621.4021768783471,90.98081755044409,-0.02537827881771322
portugal,-647.1183449564589,68.4658629062942,-0.192484553659164
scifi,-648.939039106108,81.7587070855991,-0.059279944111913556
spacex,-650.364833432137,94.8179738574337,0.06596331293901044
stlouisblues,-648.137209790868,104.448225666448,0.2088502148782706
summonerschool,-629.3223385094831,85.14586354290759,-0.17862170659304236
sysadmin,-638.178506806336,84.6849569322503,0.15960899716896187
walmart,-634.008076202065,94.7897734150788,0.1375500406287329
wiiu,-641.59005501181,82.5086636144773,0.24297406908219457
xxfitness,-621.309129378722,85.6057639828789,0.041582168571536064
40kLore,-638.046556420514,91.4890925673539,0.23592984657443236
AMA,-628.205784855292,76.8543315200798,-0.018092710005820366
AdvancedRunning,-638.707743685932,102.332375425606,-0.02445626757500423
BABYMETAL,-644.37458748145,93.9195446407478,0.04615410708698915
Blink182,-643.098294225457,96.9632879373199,0.0765499304673863
Boxing,-651.825812951419,99.5488719610923,0.1153226233983826
CHIBears,-649.199799853536,101.718197145026,0.15809621174357272
DCcomics,-644.919134089849,88.6371871891551,0.140571165176036
DFO,-636.125650073738,93.83568341265509,0.24479150414074236
DeadBedrooms,-631.42370123515,98.49750517455891,0.16836010190616124
FFRecordKeeper,-638.75489315554,89.1390915869376,-0.08603005129237923
GamerGhazi,-653.996559928618,93.0511378987599,0.050887297850131324
LSD,-639.032215483875,80.7845012906038,0.27098897176868364
MDMA,-639.5822401391459,79.9577174538843,0.27620254951869333
MLBTheShow,-635.632662347727,94.9908176981157,0.17944928634227034
Marvel,-645.169891063729,88.03949376274339,-0.09685912050572995
MechanicalKeyboards,-643.800989258776,75.88956302252771,-0.016094340766401632
Nexus6P,-638.332962349405,79.59079206130629,0.25709911317451356
OnePieceTC,-637.344760326526,93.4906588141415,0.1623666518304611
OverwatchUniversity,-629.612905246508,94.99978533961429,0.30880086396861417
PhantomForces,-637.061408698308,95.55114939701521,0.0947593639365066
Philippines,-645.398147437316,98.7051721394059,-0.02614477794857879
PleX,-640.565460652403,78.6041056656655,0.22316548102735864
PrettyLittleLiars,-634.8021343153421,95.3270244140201,0.14991564097945284
ProgrammerHumor,-657.763630355438,84.3757310417885,0.041796514796481714
RocketLeague,-634.018145899876,86.45112030148991,0.01803201276162961
Romania,-646.94716804347,68.9598704118286,-0.24133108231606537
RotMG,-638.71004516271,93.2209190270306,0.10056373065116889
TokyoGhoul,-636.731928807214,104.636970654871,0.14290410221798572
XWingTMG,-639.243663092565,89.12836863763509,0.28281040611865893
battlefield_one,-632.652989642173,87.1760740384889,-0.08551806197878237
boardgames,-638.291461705588,84.892058716621,0.17091112350776114
buffalobills,-649.511560547604,102.74330141531,0.19296194547892195
cripplingalcoholism,-630.384958525691,98.9940820029414,0.1548282357181455
dndnext,-639.316641745037,84.37461445911299,0.28162589494629137
dubai,-639.0060834066539,92.33704376063591,0.1493218988118336
eagles,-650.516544186188,101.00861343683201,0.2034070052270514
ffxiv,-636.712415349596,85.53697275599791,-0.057235526848535036
financialindependence,-622.737400494279,89.61321735283421,-0.0019383346976324432
gonewildaudio,-635.988173035794,107.443792296437,0.18109873994826534
heroesofthestorm,-636.1696006719291,85.05466338536979,-0.029074307969523153
homestuck,-644.8888840015401,92.9716732496406,-0.09263463931537448
intj,-629.897105269533,95.77081123403542,0.26386723354767083
investing,-621.8858987042549,85.01343784247929,0.048925374504847706
medicalschool,-636.1196786645111,91.75731071096969,0.2753991273042385
metacanada,-654.122007888463,95.0036232009298,0.08071779229160805
nvidia,-636.4661970800901,80.5953356781952,0.17904861728451862
offbeat,-661.390503863705,93.7375138492298,0.044388164825667126
opiates,-631.592146674715,92.3459444847435,0.13068224141991802
paradoxplaza,-644.2713056663321,82.75328158908529,0.14498880486891724
photography,-650.264939305068,86.99589287872921,-0.07615117944957835
programming,-652.9941776365371,85.9749031645405,0.11039816295047307
ravens,-648.485093655398,102.304223965049,0.20164699826399612
trees,-636.98294448697,82.21934611157971,0.06769585442096461
vancouver,-648.690461717218,89.4560258226303,0.09398606650254944
woweconomy,-620.866499080107,86.66290250901991,0.03126738987464666
youtubehaiku,-660.745958615196,80.1485786169289,0.04784373590774428
ACTrade,-627.963303364671,79.61789142008809,0.0342684285713463
Astros,-648.085481036744,105.58068189048599,0.25601676931058054
BattleRite,-631.75128480961,89.00616685852579,0.23092472253099233
Civcraft,-642.567455980365,94.8807777529866,0.09174561217138341
CompetitiveHS,-624.438143957394,89.41771153667021,-0.05322256569329426
Cooking,-622.928724693056,85.1754354116445,0.03320409668146721
DarkSouls2,-620.633065135381,85.5975043125891,0.04221863038737802
Fishing,-647.8317403160311,78.1683455862927,0.08675668139163809
ForeverAlone,-630.613461312381,98.58894693044029,0.17008613292081576
GalaxyS7,-637.497880698539,79.9460510365566,0.24013026576709637
GenderCritical,-653.718115186877,92.62909525286742,0.03431813152952968
KCRoyals,-647.643892023032,107.149055151285,0.21689803738914049
LetsNotMeet,-623.133094270418,85.9357132323673,-0.023196368459357446
MGTOW,-647.991523518967,93.7340431509009,-0.058976520655997074
MakingaMurderer,-645.741653389229,90.01734473627809,0.16309093841614863
Multicopter,-644.784956965987,77.1956508727999,-0.04446650008632309
OnePiece,-640.147027779704,91.2703029294092,0.1632006274050198
OutOfTheLoop,-636.545010008849,78.1962399975187,0.14820016992524399
Paladins,-631.970591273504,88.84109673433241,0.25072603598219506
Rateme,-655.198979347227,72.8416573347678,0.022404459190377764
Scotland,-651.368630148272,91.05740199408501,0.03529407304260749
Silverbugs,-643.804856309825,86.68774968401209,-0.003506914641001926
Warthunder,-639.632833645726,88.1458439290437,0.12855964720634663
chicago,-647.967104982116,88.5697173633462,-0.08314118164402846
circlejerk,-645.734092224402,68.3567473224156,-0.017309328909936094
creepyPMs,-651.94493413349,87.1237094403216,0.11218186954433305
duelyst,-636.294741020389,90.07635539938241,0.31802162903286807
exmuslim,-649.792611284158,91.74789466028709,0.17465363083420504
fantasybaseball,-641.461710589688,98.6663295304224,0.06864058939601997
furry,-644.525721378491,92.4297967341764,-0.04133816944698095
gamegrumps,-646.698979281292,85.7400412646248,-0.14043488793952869
hardware,-647.184457713997,84.6824244824743,-0.0834915747593205
heat,-652.464625991173,97.7075288421929,0.11818118955481888
houston,-647.577129054912,88.81669417168791,0.13140623743965782
loseit,-620.2499061335881,84.5476131814878,0.07911757097290929
makeupexchange,-625.647155672762,79.3469770817938,-0.0033512297244811776
miamidolphins,-649.880708912034,102.525997383804,0.2226352915444516
mylittlepony,-645.6217492547049,93.350605075895,-0.023177715246240828
natureismetal,-659.9793898753,86.67245998497499,0.011648931045636711
ottawa,-646.0635069102469,88.1720124085235,0.19442992574979187
researchchemicals,-632.321989573194,93.8606644369297,0.3001822528412166
rugbyunion,-647.333057975959,99.1988800920212,0.1413338950559122
sweden,-650.443394761438,88.64570356377659,-0.025273863931708416
thedivision,-633.633371695576,84.90243148892971,0.06235546508530975
totalwar,-638.971913908607,85.4381710251512,0.2639319825003503
whatisthisthing,-645.2669993095179,74.736534744789,0.12412352901196781
zelda,-647.527776600478,81.42914262034991,-0.03911998699288419
Accounting,-636.8694973275129,90.5846003414912,0.29007515589832916
AdviceAnimals,-656.599010920139,80.20216370639,0.09958202635575776
BabyBumps,-632.237918855365,96.4297929440039,0.1213033230054794
BitcoinMarkets,-623.342665077837,89.3592608869368,-0.08091477476458057
Calgary,-648.361294202582,89.55501552124001,0.12411840877826699
CasualPokemonTrades,-628.157348437162,79.5924092253909,0.07190306239278389
Christianity,-645.626737963747,90.0811429480525,-0.04384734840929261
Diablo,-640.845157607778,82.25558408231849,0.3060645957004235
Doom,-631.7702984334901,87.96272155248471,0.24173014669247725
EnoughTrumpSpam,-657.0881109449849,96.53179357152429,0.029834882976217482
FULLCOMMUNISM,-650.127110393716,79.10852045053271,0.02520775486380001
FoodPorn,-652.652531667043,79.9578868978968,0.09816120901629569
GifRecipes,-663.886259526616,89.1246380550796,0.21699230443123108
HomeImprovement,-621.431673715457,84.5906703721547,0.04551165142282382
LateStageCapitalism,-651.436454939716,92.9233438588353,0.02302046207628199
LiverpoolFC,-645.789859761761,98.41593500517,0.11627822082547955
Metal,-653.029409515593,84.5395611395527,0.06328145020340241
Military,-649.280045646887,86.3639141139414,-0.001979312367383984
NHLHUT,-638.7909034155961,95.20528497668091,-0.053562020184933494
NYGiants,-648.992030787846,101.898800303754,0.1486757019078288
NoSillySuffix,-646.6563464717569,67.0141811206244,0.12393029158315044
OSHA,-659.102981847141,84.4232750115063,0.09679324946433128
Pathfinder_RPG,-639.0279397698121,84.1241393738852,0.2354660074564498
PokemonPlaza,-628.240143859827,79.55822027980871,0.11353923334959116
PvZGardenWarfare,-635.2800994961431,95.26162422902,0.19074630970095868
RedLetterMedia,-640.990204305892,97.94857452533871,-0.037400329601076136
SSBPM,-643.980524731872,85.6995849032171,0.15945171946094033
StLouis,-647.846018688764,86.75216176040242,-0.08895516287217067
TheRedPill,-630.140998594732,98.0773056950276,0.11618182578782796
TwoBestFriendsPlay,-644.7157407357511,95.51818967454929,0.09143885006131992
TwoXChromosomes,-652.379332294529,77.4800913428429,-0.04353191139771613
asoiaf,-635.6043086601901,83.44674321187209,-0.015740386871645362
aviation,-648.699664738184,80.7331727991117,0.11908740361502451
badeconomics,-649.488406914836,94.5730956686278,0.004815720704773314
batman,-648.000525903603,81.45545202588221,0.0430750238320279
battlefield_4,-645.532917235655,80.8479129280537,-0.08800960136584399
belgium,-651.349215976102,89.9191563268325,0.004734799143844027
brasil,-646.937274130044,68.6974839319425,-0.052140101079593965
changemyview,-625.265904884978,96.12896105431471,0.05161143604792572
climbing,-644.560187784132,84.6309118802597,-0.07329325981867153
croatia,-646.839928000549,68.4640745862925,-0.007807591762754443
cscareerquestions,-619.977543359538,85.4123237823878,0.07498400752036799
csgobetting,-623.68021877082,89.43983972701359,-0.03229528400196549
danganronpa,-639.701342307258,92.70905957670641,0.15158282514276075
deadbydaylight,-632.143651010307,89.2037224236452,0.20198535792146183
dfsports,-624.543998327966,90.7534261306703,-0.06085906836473854
entp,-630.463229656919,99.6063382922662,0.147797846987012
excel,-622.219700291484,83.1589287009407,0.00697000760792526
gameswap,-625.02517077016,80.0569306340637,1.9384631267939756e-05
ireland,-650.054634267261,89.37248205163,-0.02685487558988826
kancolle,-645.031064959485,94.7707971352074,0.043370467177085606
knifeclub,-646.7831184251651,76.1742021549221,0.09148479902236138
linuxmasterrace,-645.100240841242,83.07298603051251,-0.10020561096063925
mildlyinteresting,-655.017066111991,79.1085540292924,0.028469491271141636
norge,-652.1920967544099,90.14532584424191,0.049213546382439334
oculus,-637.467078295545,86.3759655995305,0.029781774449876376
peloton,-648.931883807479,94.67179631639851,0.025123634148303316
philosophy,-654.525797750052,76.11195991584009,-0.001842101531938938
politics,-655.8997532050421,86.69580350449492,0.21021422862212122
premed,-632.581871255456,94.1784462002573,0.2727021352622928
pumparum,-628.523580024852,78.2877656687066,0.06998586223078535
sexover30,-630.429528681894,99.64037248955108,0.12151848530881328
trap,-653.033394079896,84.20681981080291,0.041753717835227064
wifesharing,-635.417865838367,109.70198068713002,0.3291511698338187
worldpolitics,-661.480130844792,93.97709383222299,0.04526178563692571
wow,-633.6908542604219,84.5216099006422,0.138253275104591
youtube,-623.251533134403,76.1505168091403,-0.10908977094314816
Anxiety,-631.0004461286701,93.6478484962887,0.20026523877213617
Aquariums,-645.879467534647,76.54415574083491,-0.014625400010334045
Austin,-647.592843487975,88.90370493747521,0.10983876383164162
BMW,-647.418905563215,77.2445404013146,0.040506595040533624
Buddhism,-642.5246165554889,81.85563853209041,0.12699026668071395
CampHalfBloodRP,-625.7232210316299,100.586552073583,0.30551330237651425
DIY,-651.015072289205,76.4755323097995,0.015402181367827558
ElectricForest,-641.054824811732,96.3836609419465,0.2018629750864178
Fireteams,-645.143108021506,67.9157575871326,0.10583904685687184
Futurology,-653.4766540571691,77.561662374258,-0.10517986265622918
HighQualityGifs,-661.706800698813,88.69841491659241,0.08837010476166794
IronThronePowers,-624.5144520698599,99.5612849970731,-0.06107598827319536
JusticeServed,-661.288943946159,89.63296055605561,0.11860180323362327
KingdomHearts,-637.081418538563,90.4925322839925,0.2746767097195039
KitchenConfidential,-645.003781904818,85.6938792889883,0.13252322551406123
RandomActsOfBlowJob,-622.955532771988,75.7716644018671,0.14557233863810307
Re_Zero,-646.848504541934,91.5551402706221,-0.07937965916933536
Screenwriting,-631.066048560528,93.7165150054094,0.24155022604942886
TrueDoTA2,-620.264166491018,86.8596688410471,0.006214306540600751
Vive,-636.610515870923,86.616114167,0.050902233830431146
WayOfTheBern,-656.086688556671,96.6515186333152,0.03965463215049887
WikiLeaks,-658.5917415216929,93.425134891491,0.016822676873397457
bengals,-649.473355763532,103.20511903724301,0.1157071042023568
bicycling,-645.629207825023,77.6152889912349,0.017961696514284795
bladeandsoul,-634.218189333747,88.1817311426656,0.14336026364879811
buildapc,-633.992894353906,80.855288131693,0.01579084390547886
dating_advice,-617.073409560179,87.0567510166292,0.017672885077141324
dayz,-641.447447039175,86.2802789435927,0.19418441578219936
dbz,-641.090755018925,90.4260952254199,0.17306573264225653
eu4,-642.029511916671,85.1142002888036,0.14770617320149976
gravityfalls,-645.766899263247,92.05571501362742,-0.08590647461643557
h3h3productions,-657.147520387647,84.8781702608408,0.0004835809583205819
harrypotter,-640.992696974122,83.9091237527948,0.2076033364225301
history,-652.445097891723,75.83709011978709,-0.024804671505587038
horror,-647.865682734103,81.8033997031417,-0.10895268676377841
jobs,-633.373696690423,94.7353413997937,0.09966131326486564
learnpython,-621.985678792974,83.9497811755285,0.001105354482555638
linux,-651.742608772265,85.76730429076581,-0.03929062348947626
muacjdiscussion,-632.549577184717,100.877047831008,-0.17573370283558504
nfl,-647.3018664073829,96.5802853294672,0.16082179457984927
nyc,-651.053219320605,93.99225076898769,-0.01906315649578054
olympics,-652.626073975479,100.286472568601,0.08536766534320976
patientgamers,-636.0996872018969,76.178538835795,0.1927456717830833
pebble,-642.724199715262,79.50655688695909,0.16015695919453765
pittsburgh,-647.361689188847,87.14368668831351,0.11332610666765978
pokemongodev,-636.096987301368,76.1392045940172,0.18481484547136848
popheads,-650.958447470995,95.6022329093697,0.162110442718979
r4r,-662.216301180753,95.06050822939551,0.0032733752839713896
reddevils,-645.799731150123,98.19947583061621,-0.059583198268544114
short,-630.923482288304,98.89897078738291,0.12391592506995232
television,-657.179767277594,78.1415156713539,0.02199623626328731
vexillology,-649.599414015952,78.95544544778141,0.12373280094544999
worldpowers,-635.9943524163369,101.67538058848899,0.023866013109773866
7kglobal,-639.0597270794069,99.2238387154161,0.09696261799243484
AskScienceFiction,-621.498649238839,81.8943214889202,0.03769681874545478
Austria,-652.229998807384,90.19700836308408,0.010153601387284935
BleachBraveSouls,-637.20261577821,93.7748661690797,0.1639236485054951
CapitalismVSocialism,-625.2028459467559,96.2123490802817,0.09131354622685992
CitiesSkylines,-644.439587074076,80.125772976195,-0.0444762170567902
CombatFootage,-658.041115240935,91.9800096209453,0.052062332517312467
DunderMifflin,-649.9198675049099,82.537895609387,-0.06868216442289392
EliteDangerous,-637.623323612504,86.3447421808791,-0.03574459830590383
Flyers,-647.7211351574521,104.95481530376999,0.27160307819041135
GooglePixel,-630.7490386973581,88.10605161780279,0.20504388852909977
MCFC,-649.161886474765,99.744321207129,0.14728530523105218
MakeupRehab,-629.9698830341359,95.91504280635591,0.2398141412695854
Minecraft,-644.88881523168,78.95650150272779,-0.060182574705148484
MrRobot,-642.481712827338,88.5214982202096,0.21704559188989983
Nationals,-648.315502267853,106.488232841124,0.2506240549781173
PSVR,-632.725124439493,88.63511309546041,0.23525996665582707
Planetside,-639.4750726772589,88.2550869535051,0.15333405195539973
Political_Revolution,-658.724450320091,93.72634991124208,-0.022241243610058754
TagPro,-644.0389607191211,93.98338060605292,-0.03740940675340422
WTF,-656.920524742167,80.502886482618,-0.10327432902880823
WritingPrompts,-619.0072292004689,81.3411627622657,0.02047793796854256
actuallesbians,-635.98604896163,91.7114944566774,0.3119067297814671
askcarsales,-646.666420014599,90.2886113542791,0.1627258164844582
casualiama,-628.211022207174,76.8929927841478,-0.006264659420879044
comicbooks,-645.091873546925,88.69050312815392,-0.08407847248924726
dirtykikpals,-662.337458661947,95.2438186989617,0.06735279166047303
flying,-643.547773885391,84.2341279130579,0.21129907035314907
gamindustri,-645.642706050456,93.4728221038904,0.027309154440984647
guitarpedals,-646.855381698452,76.8947910671922,0.013316937427790238
hardwareswap,-624.417782514765,80.642962995656,0.0434200865790748
hiphopheads,-655.224476120196,83.82019184411321,0.09477545819822834
instant_regret,-663.4880711655729,88.94873894303021,0.22198561778529147
interestingasfuck,-662.706235677497,88.428060559606,0.15422865436683966
legaladvice,-620.839488948036,82.8002315130927,0.04075965005718396
movies,-656.898524084037,78.85248691318279,0.13968062176298537
soccerspirits,-633.037607783524,100.97101018097601,0.03854212065215033
supremeclothing,-642.250914580276,92.52041484086321,-0.029632714084787203
survivetheculling,-633.868990665028,90.50205867138192,0.2915982381553757
syriancivilwar,-654.648401759452,91.9234422277689,-0.0021772347635139787
teenmom,-645.6452531856211,100.57808670275601,0.038927184788871846
tennis,-651.586299622756,99.5294646892716,0.13516444107022227
whowouldwin,-620.91798318327,84.12056379885419,0.059887940394279665
3DS,-636.922059846535,78.75168127129271,0.23967140853313293
4chan,-661.7907159613569,84.49522701005759,0.049174198759023964
Animesuggest,-625.4298662966401,86.635013371674,-0.0036706915327552807
AskAnAmerican,-623.073114262743,88.5268324959152,-0.0180553268818394
AskCulinary,-622.193917853816,85.130497704934,0.014038191496950791
AskTrumpSupporters,-622.3911111351371,87.1883045148053,0.03194720786661885
Battlefield,-632.163974473986,87.5191277149193,0.18613931656280952
Catholicism,-650.064391110641,91.5944007891924,0.14663057840956017
Celebs,-660.976328196586,80.07342249625,0.04057881548246743
Coachella,-640.744360692663,97.34239684777391,0.1354190892993599
DarkNetMarkets,-635.648691261631,107.19692211614401,0.21991339983547592
Fantasy,-641.2675513022921,84.37007370217479,0.18570876648323015
FellowKids,-659.272234220523,83.6039142304724,0.080532102445928
Guildwars2,-636.711239139272,84.8091763038348,0.10751943525257283
IAmA,-625.5904852174269,89.0418154629085,-0.020069310027054754
JonTron,-646.7061316932869,67.19424426872371,0.23717610177421705
MensRights,-655.06574097252,90.5838501344163,0.02038557381489055
Miata,-646.988632712038,77.307585766578,-0.037933792598430015
ModernMagic,-632.373291493041,75.84870408821129,0.1288353728372192
NASCAR,-646.0761153269091,101.44679787308,0.2197200345009792
PokeMoonSun,-630.52744864431,87.4664142937465,0.16301352045605272
WhoWouldWinVerse,-624.811232279913,99.78807086953529,0.14545543754512408
books,-654.935955523271,76.81894031764841,-0.040667829043601854
buildapcsales,-658.055495228365,89.81380932053841,0.0686829063156707
darksouls,-620.703913267426,85.4917242474557,0.06427194728977666
hawks,-647.959653082037,105.359588289383,0.21901871803178374
homelab,-642.797095234494,78.30397914026109,0.17923599352258063
indieheads,-650.782373757426,95.19998539884149,0.07290522785601773
japan,-647.29748078222,84.336539097531,-0.10359838863643996
kansascity,-647.180444129746,86.9264621778985,0.13465427722827117
london,-647.684102276633,87.8965031254871,-0.10404878657512298
longboarding,-645.453864772271,104.112317792577,0.08538478471021195
lowlevelaware,-642.0049954028669,106.83133503952,0.05086548248795419
networking,-621.851202705242,84.9822266147481,0.018003470573719635
newsokunomoral,-642.014751706399,106.83751866528401,0.08942246506905643
newsokur,-642.016210556571,106.83795485902,0.06965051908617578
noveltranslations,-636.759461095638,97.8273925021843,0.09174126448592215
nursing,-633.4765020252111,93.3702557241808,0.21955011291811802
shittyaskscience,-638.15130546312,76.38733777274571,0.11221774731425019
sixers,-650.075254749026,102.029534328493,0.11696790858787222
socialism,-653.5408639111811,90.67530786541549,-0.012575415227564833
sportsbook,-624.536762852605,90.6652374294725,-0.07408492736238807
starbucks,-634.100404992321,94.6882440725033,0.16972168794218798
starcitizen,-637.756878408873,86.09599362377381,-0.041952497317337835
stevenuniverse,-641.137776759455,93.53493374102742,0.044837891333902945
sto,-639.0112550518049,90.29516717269951,0.22398409342442394
tipofmytongue,-624.642698851887,79.4134187726767,0.030857049465169442
tmobile,-634.554138072012,85.3036844547167,0.25822440382556855
ultrahardcore,-643.40549535346,95.20073456896809,0.024111169808057362
vinyl,-644.789814820874,78.25646093955291,-0.07459395719779331
worldbuilding,-639.739995878313,83.77148118198029,0.2098075023349786
Bad_Cop_No_Donut,-657.294636227975,91.7140026319666,0.04971197609635419
BeautyGuruChat,-637.9819134773629,99.9079046596059,0.04418829596212421
BlackPeopleTwitter,-662.127834610015,85.8271486639693,0.04466090609537659
CFB,-647.2343191567489,96.678558981256,0.13550188813001607
Chargers,-649.032451976797,102.1778978614,0.1424503204027839
China,-650.449535575726,90.58342059275391,-0.020583755490842712
ClashOfClans,-642.720264972888,86.00059916194641,-0.1262820591009305
Conservative,-655.075490030074,90.87858168059792,-0.012956355717156042
DestinyTheGame,-630.049002588927,84.365258365337,0.1149665578062894
EatCheapAndHealthy,-639.945727741112,75.4903279192012,0.16625316824475525
FUTMobile,-637.083552076752,95.2022010833419,0.12731960299332495
Fallout,-637.282098642048,83.5161096799488,0.14974782832348094
FeMRADebates,-655.3420451947541,92.42281481679899,-0.01815390838657962
GameSale,-624.946030431613,80.3676809211623,0.014247245783509013
Kappa,-642.510347665623,93.3774642194395,-0.03876062130345671
Libertarian,-654.739658444421,90.6160825010295,0.02405096272126144
MtF,-637.033006254888,92.16946743884519,0.20258192348984627
NYYankees,-648.287484107933,105.480278147719,0.27043069485266724
TrueChristian,-629.216363059832,96.7736777072451,0.1607360181907744
Yogscast,-646.104096150279,84.90951084800109,0.16525560892762062
ar15,-644.791617370662,77.09273788015109,-0.07106532028246082
argentina,-647.075637708578,68.5770355594807,-0.10374692046364489
asktrp,-618.0549887399579,86.69605218508292,0.03849723766296866
audioengineering,-640.867802134497,78.78117561257991,0.24237819297507102
bayarea,-648.853642140578,86.0910157339428,-0.03406138557170281
bipolar,-631.980962912331,94.212446333657,0.27552731427670696
boston,-648.3914649432779,88.74867691152441,-0.12836827537632897
ethtrader,-650.939691765995,95.72604462334341,0.05216529919639594
gtaonline,-635.353734515839,89.60802640785342,0.2907685409791141
learnprogramming,-621.817668576173,83.9686460575142,0.047221940200430856
lego,-645.269212212389,74.999093714834,0.08485247070346962
malefashionadvice,-636.3454178319099,78.4880310429043,0.11055281404253893
masseffect,-641.111941195976,84.13521523573871,0.2537487443159153
mechmarket,-624.419725612074,80.6742649021577,-0.009465229192043269
microgrowery,-645.537947151916,76.4102687899417,-0.034283155526613464
niceguys,-659.732938814229,85.2113880753041,0.009156814874038008
northernireland,-652.404113547591,92.60529695222691,-0.046035631187024535
nottheonion,-653.6018961889811,79.1474649444219,0.027315554552632643
oddlysatisfying,-662.821070437446,87.84275673261499,0.06595927479750893
osugame,-642.6503968505519,92.80064254211821,-0.01756368820567978
polandball,-662.412426709139,84.8990538960827,0.04956486620657327
rawdenim,-645.889936386601,82.5703034988058,0.1459067078543273
redditgetsdrawn,-645.064184652869,73.88680124917609,0.06003019582019788
rickandmorty,-650.541516380784,82.71029436979441,0.025067789490327792
skyrim,-638.18005220034,81.8007534376621,0.16972418820335972
spam,-654.556717868457,85.72769058112421,-0.09499544968455825
todayilearned,-656.28821193217,81.507415699607,0.09504025182477649
zen,-628.093552704342,100.828051662882,-0.034253688697102415
Aleague,-649.895848211093,98.47673793853208,0.17396266929104476
Amd,-636.163217738387,80.9539789080042,0.1051885421338004
Anarchism,-652.762823057687,90.40556399260879,0.035813528331546544
BostonBruins,-647.535531918705,105.761708829828,0.2280124477321318
CasualConversation,-634.8731459826599,80.0038428254618,-0.03271375897250105
CrackStatus,-628.624979953662,90.92770083161871,0.16764989970226796
Cubers,-644.855965159872,91.8286474154754,-0.058182630236375245
Denver,-647.47423826595,87.03053850853779,0.16368747428533448
Diepio,-637.7544256206479,93.41115231259529,0.11326755243524043
Dirtybomb,-639.215959445459,90.8000097136033,0.2305579564476652
EDC,-647.965023848914,74.50642467862959,0.07252165617089018
FFBraveExvius,-629.498440897167,89.0218991859219,0.08317210798323747
FFXV,-631.24539392621,88.69879534974991,0.23326956327042353
Geosim,-635.998586909274,101.579303927343,-0.25884666711753934
Gunners,-645.5637463987371,98.3333921707971,0.06546497043735339
Kanye,-641.36609095529,92.3800312640968,0.11456661553551395
KotakuInAction,-657.4164921162879,95.174017042385,0.06483637915394876
MigrantFleet,-626.098105276568,100.661025400379,0.21381943079810936
NeutralPolitics,-623.522822207529,88.5418347417281,-0.01443843593816691
OpTicGaming,-620.648730709712,88.5851831604855,-0.09752823237460463
PersonalFinanceCanada,-621.133362706176,85.352065910823,0.034643539238242115
PictureGame,-646.683463886668,75.25122987067341,0.06407756754009142
PokemonShuffle,-621.407693344724,88.48991571951521,-0.028222426462434003
Psychonaut,-634.213884276036,92.39705371994171,0.23751391261776
PurplePillDebate,-624.669850062319,96.7221782294049,-0.025485877277335853
RealEstate,-653.0274366519741,82.4759755598054,0.11642635503920512
ShitRedditSays,-656.615349277231,94.01669235481279,0.03317413011879083
Smite,-635.7290470730829,85.5515007888331,0.026558043568634795
StarWarsBattlefront,-636.831411951858,89.56174739204322,0.22169275868128868
TeamSolomid,-640.525578696412,98.6141113266346,0.14083449939430134
UnresolvedMysteries,-622.918209909522,89.1907636211525,-0.006916338694390548
Weakpots,-644.34843896058,100.426453186152,0.08383482756643741
WouldYouFuckMyWife,-635.413198024994,109.706029998735,0.323715749601357
anime_irl,-662.541452620679,79.3962130894142,-0.029754023604391514
australia,-654.3132548059481,88.75780502455228,0.07254428542574515
blackops3,-634.251468964414,87.14175324485942,-0.08932914239448027
chess,-645.776336968029,83.59106733711141,-0.13920181676680998
cringe,-655.219302375803,83.48886537119209,-0.01595134098303343
dragonage,-621.393327776561,85.5491065346977,0.022766934669851552
dwarffortress,-645.593988558926,85.1127231806112,0.18478904466278465
femalefashionadvice,-624.489608802714,88.8384202580285,0.0033755650804899702
food,-656.470753736221,77.76701791533651,0.091782673439463
forwardsfromgrandma,-661.027980417153,84.58043259877729,-0.015591203568550921
golf,-640.787213879381,87.1579639467079,-0.1367520908956946
indonesia,-652.598122638499,89.75425243687592,-0.01244655153586516
lewronggeneration,-659.761255477518,84.4618731128992,0.04783987494779242
neopets,-644.0951756185141,93.77919952552709,0.13788192959794598
oneplus,-638.70180018635,79.52084030271459,0.23212412952954162
powerlifting,-642.411289067613,101.52280601781601,-0.0354053804233377
proED,-632.461874175474,95.63432113939909,0.21682856894066987
pussypassdenied,-661.205493249392,89.7671327914147,0.07668457315189663
shittyama,-648.624834714315,92.64309685165009,-0.03949634007341301
shittyfoodporn,-659.2655901578839,83.3138102173984,0.11053868879133866
smashbros,-636.224686146816,84.54808072262979,-0.030448720435805418
witcher,-638.360082243317,81.04610149490959,0.24395347364108705
woodworking,-645.7410467122451,77.40348276909009,0.026654988082229637
2007scape,-634.789643098068,86.7077617491581,0.12136044522668375
CanadaPolitics,-653.255599804411,91.2914789605353,0.06359864248075735
CoDCompetitive,-642.140250881387,96.8988917446989,-0.06210860105952019
Dallas,-647.445175573073,86.83468644367642,0.16142670788176022
Enough_Sanders_Spam,-654.489760744234,94.4698328228992,0.09587967582151849
Flipping,-635.720372041543,92.0439344281287,0.26378362860865945
FutureFight,-635.424744937258,94.43920262446458,0.18362502531323802
GameDeals,-658.272920628793,90.350794562818,-0.09060396800647527
GetMotivated,-655.177181784654,76.6268279580188,-0.004640245142684598
HalfLife,-646.464315868031,85.73240271089001,0.1449410934863991
Homebrewing,-642.321169955134,80.890662948782,0.1956037471784726
LosAngeles,-648.353830273824,87.81427769176528,-0.09474031039315957
MaddenUltimateTeam,-638.7543642532511,95.1696655529657,-0.05056600661989932
MandelaEffect,-628.6572196186991,90.9030498279176,0.23462927926189348
Nerf,-643.707727632108,86.4336590376003,-0.12013183687811219
NewTubers,-652.640078645317,71.6151827949715,-0.11985303694925493
NoStupidQuestions,-620.810340590822,82.9131928822773,0.08424472279524266
PS4,-635.094547328568,82.8385815910669,0.02497535596198222
PuzzleAndDragons,-638.2222377548339,88.2489940040466,0.12217116392322899
RoastMe,-661.226525557788,85.3454024750434,0.03799904646478506
SanJoseSharks,-647.261746705258,103.52277628085,0.15608187086939943
ScenesFromAHat,-638.26728858442,98.0158104424866,0.08818705111345448
SkincareAddiction,-640.0236274038559,77.0054019870999,0.1439703533222275
SuggestALaptop,-623.0735940699041,76.6510833083986,-0.16976813993304646
Suomi,-646.85236579652,67.52588763477411,0.23392391963520484
TickTockManitowoc,-635.016135817856,99.85522105859721,0.12758122484862483
TumblrInAction,-660.140444825307,87.14331148971,-0.1326225680746072
Winnipeg,-648.608612496409,90.51566114072091,-0.05218213184672779
altright,-637.076904004849,105.620249883862,-0.11239623623787592
androidapps,-661.761362708271,94.42900153418921,-0.06993581810219943
arrow,-642.133719074485,89.6651893457242,0.12992522484660946
aww,-656.055190673129,78.6581885518353,0.02231169277096282
battlestations,-648.005633118554,74.4571969181401,0.11304916039658096
bestof,-653.475653249832,77.6191312653727,0.0780009131316229
betterCallSaul,-639.676266863682,98.00120116573521,0.10858758968819726
cars,-638.1667754028019,86.66671615734371,0.06698509650635681
conspiracy,-655.1918760812359,90.4259901026468,0.08528211519909798
counting,-628.4985007292009,100.934357085828,0.0742711119244427
cringepics,-662.7729323199341,88.48735705608419,0.17047074936761292
european,-655.488337523754,94.519908764768,0.04771903967493945
facepalm,-660.3183387844281,85.90327289343142,-0.0048300123962908585
fantasyhockey,-640.897107823072,98.5532455562793,0.10429203386237866
fireemblemcasual,-635.563222994226,99.9099503211678,-0.011559828867207083
france,-652.769401419494,88.73298228619659,-0.014238527018824498
gifs,-663.264015964142,86.74706188655529,0.10066515159062449
guns,-643.490704743179,75.8169075021896,-0.0191144987326936
hapas,-655.936521980775,96.68647030729151,-0.020357790257032115
hockey,-647.224037949277,96.70024664203359,0.1285304398158351
magicTCG,-632.543678011803,76.09437664483771,0.02876827380868697
nba,-647.297654834382,96.51304977437219,0.194159435026677
news,-658.039478000282,77.5507951620127,0.04048588486477358
orioles,-648.351879546737,105.929473183582,0.2561768817884682
poker,-636.315933959671,91.49593879796569,0.2562461655653569
sports,-657.3653471147779,77.4080950943301,0.0596458933955267
starterpacks,-660.0286128703959,85.98219277013911,0.020622943282490466
steroids,-632.164160863665,100.839248218896,-0.11154286801249173
summonerswar,-636.026596476936,87.0617815036199,0.0013879302566987878
techsupport,-623.215459753933,77.8595018349435,0.03277045488239226
twitchplayspokemon,-647.301850875214,92.9934708485965,-0.017249896078065353
uberdrivers,-648.468616171427,91.30284155435758,0.14507312383461113
ukpolitics,-654.4323732350911,88.9271289411048,0.06984497095856451
wallstreetbets,-637.672428182555,89.09199759769649,0.11986857960074954
washingtondc,-647.456869326443,87.7826796673852,-0.14811457708971726
weddingplanning,-639.804894642657,86.84239577066691,0.20952114907917643
windowsphone,-641.1458025910031,85.79974730388571,0.2686232023556359
worldnews,-656.284356160328,80.48379175658391,0.17758921549124868
yugioh,-632.89325847937,75.86204362380299,0.09728598942433196
ARKone,-633.914765462007,90.580006190516,0.29711528826342076
AsiansGoneWild,-635.502024721146,108.918999271427,0.32903465777888774
Coffee,-643.212142731675,80.69712706337741,0.18471652998271412
Columbus,-646.411299431704,86.6159003177614,0.1243247359808568
Competitiveoverwatch,-630.459087084757,90.034679888125,0.2243405442995305
DnD,-637.9950147357209,84.8211680765413,0.12268306013394649
FantasyPL,-642.39698628469,96.42340115311708,0.08135322991167787
FinalFantasy,-641.0275986232621,84.7224296090653,0.2647516152559181
GGFreeForAll,-633.263129095447,101.025742202957,0.07457328132892922
Indiemakeupandmore,-635.140697533722,99.70580360311341,0.17776125174990873
Infinitewarfare,-631.846260021003,88.5096143227306,0.18660303459999708
Metalcore,-648.96350939376,84.2704198302178,-0.026113093007465418
NBA2k,-635.057607000833,89.4883244267027,0.2236903626275877
NYKnicks,-649.9194745144471,101.920983629699,0.11708798091919788
NoMansSkyTheGame,-633.271710067776,85.80501336611691,0.06414760318422584
PetiteGoneWild,-635.4834749762371,109.041989131042,0.3412150487507388
PublicFreakout,-661.220386566014,89.2569779592313,0.13127328309754513
Random_Acts_Of_Amazon,-644.20345432055,100.027793908106,0.04057260441509328
Robocraft,-643.245390502763,87.0906286308394,0.17656003769588394
SeattleWA,-658.280229353509,93.71030229797908,-0.009958384956948086
SecretSubreddit,-627.963204568583,100.850502909191,0.08765543869480445
Shitty_Car_Mods,-659.675006068207,83.5230193004861,0.09418092389119466
StreetFighter,-638.593368966074,87.46520737803509,0.16499460628932622
TalesofLink,-638.101732456829,94.25975630409609,0.12664582896680346
The100,-632.008469810536,98.35561593684722,0.16079503732034944
Tinder,-658.516226648224,86.48484874525091,-0.21341743184466813
Tradelands,-637.243713632018,95.8572843139938,0.10208288911667596
Undertale,-642.979528116624,92.56661130305521,0.01483753067265512
Windows10,-638.3247891026319,77.88751727717741,0.17198078727621113
WorldofTanks,-639.578442590492,88.1153777569873,0.19732759585255655
askphilosophy,-621.662506011117,84.8371993270398,-0.00494608183535384
aspergers,-631.245515902924,95.00535326208981,0.24344986119226786
bodyweightfitness,-622.395112091119,85.0374221094733,0.007044385387928039
civbattleroyale,-642.610059524377,94.8584047310825,0.08844855188364395
cordcutters,-643.6603344632911,82.460719151446,-0.13229891042521588
exjw,-639.594856527258,89.3208795516631,0.16231800993903303
fireemblem,-641.423978897764,88.247853338378,-0.04939172998865087
frugalmalefashion,-646.822823863971,83.04632838102108,0.026726094289273267
gameofthrones,-635.43607606697,83.01104810043749,0.023689261590006654
gentlemanboners,-661.2190536197979,79.9916401511691,-0.019791775298400063
gonewildcurvy,-635.465871025841,108.97423721321199,0.3113904207652707
goodyearwelt,-645.769090067446,82.34605822888699,0.1216126132760498
kratom,-631.945252139313,91.4517984645813,0.20909510747265622
letsplay,-642.691821842705,80.3455841442188,0.23387663077407825
listentothis,-650.993010043407,75.3308897079125,-0.15155380559604203
marvelstudios,-642.292808858648,90.1076541089073,-0.06803174838164477
math,-641.1487377344099,79.96403779552091,0.22248038581905177
milliondollarextreme,-651.068042515513,95.749148192562,0.045462977014160036
nosleep,-618.5108434432531,82.9508389705093,0.004846227689529227
oaklandraiders,-648.017206802147,101.36979030015301,0.15552887479119876
playark,-635.096688778485,89.58903483414471,0.3168652900101586
playrust,-634.407745142419,87.70922058247271,0.14912834576293876
pokemontrades,-627.6724434463069,80.3814526457928,-0.03045713656154096
rangers,-647.983867841221,104.67357878655199,0.24166497443995646
reactiongifs,-660.805850241337,92.40328010708491,-0.043213705463681494
sandiego,-647.0995475225769,86.19235031735461,0.1660258089075068
self,-617.688984527105,88.2856911586578,0.013571845390121554
sex,-619.812638869014,83.3273926518543,0.06079972817472688
soccerstreams,-626.538411596682,85.148262667004,-0.028374449498982296
splatoon,-642.899361944837,86.63405393064001,0.18168856413643836
stopdrinking,-618.9263411855529,87.00954477950029,0.056559982729550325
tattoos,-648.356552284951,79.54237365526551,0.08541967801352336
technology,-656.7005469706211,79.5514147953032,0.04967413226285183
teenagers,-634.833808310597,79.5115124019355,-0.006988671882441984
thatHappened,-660.1585878308,84.81803781954851,0.07387978755116323
tumblr,-663.216352497991,87.34751281499331,0.151577069530945
vita,-641.913828398694,83.07916688977541,0.2673127991953812
AirForce,-632.487588324953,91.3194217008158,0.20350429845595727
Android,-632.2987241276551,82.06673583341141,0.0677570172012627
ApocalypseRising,-637.277249965848,96.0305772406339,0.13481529428535136
AskMen,-626.6759050448591,88.72301865906401,0.021011437477545566
AskOuija,-626.053074610128,82.34676383276171,-0.023993990107891012
AskUK,-622.109063581071,86.92022035714831,0.01573919760839262
Battleborn,-633.515529182219,89.6215576303514,0.2792230878986956
Browns,-650.3290907461329,100.63342162584499,0.17433384182671727
CODZombies,-634.744537237263,86.5777234039476,-0.022580889650290144
CalgaryFlames,-649.199491707791,99.531565016115,0.19777765725432586
Cardinals,-647.548350429216,107.17602611765699,0.2095479241506094
CrusaderKings,-642.158525218666,84.9444903794437,0.19393715824771668
Documentaries,-653.362919963469,78.5617213096337,0.05836528924284061
Drugs,-635.29356446539,82.69943911265091,0.08691709770694585
Gunpla,-646.6734666649289,77.00469209188249,0.008396870283468898
HillaryForPrison,-659.291927990579,93.62649266447791,-0.0015166425419515263
Justrolledintotheshop,-659.387018300641,85.0693511366197,0.10143910866465616
LabourUK,-654.829840806131,92.69621988702909,0.04146420889436433
MTB,-643.200658671812,80.91609133487229,0.19580705437334187
Megaten,-647.613257398838,91.276280328494,0.09954778660805166
NHLStreams,-638.15133744687,73.234339625749,0.03892290032206899
NintendoSwitch,-642.650621854209,88.55352875222391,0.18497515241857698
ProtectAndServe,-649.926839360346,89.9811883484828,-0.02122720689254659
SFGiants,-647.973241195902,106.259247949303,0.23313696343835025
ShingekiNoKyojin,-636.728114541345,104.781271222393,0.09371053504709409
Stellaris,-636.280518315894,88.50117043849559,0.24967836873361443
SubredditDrama,-657.411378212306,95.06852584816679,0.035967285528710854
Teachers,-633.292485160273,93.347492405314,0.23720300371235203
TexasRangers,-648.105181195094,106.616910720806,0.25774839210334727
TheSilphRoad,-631.986602886932,86.6939737631077,0.10587110264366376
Warframe,-636.321881597827,86.0592752252614,-0.022428423216682897
Warhammer40k,-642.403000704428,84.60013610663559,0.1784479602620956
Wishlist,-644.298180732981,100.27163841895701,0.17787358230577235
Xcom,-639.003996900194,85.56299900429629,0.28166730040045584
amiibo,-649.450541069918,82.61216363020209,-0.13507738322447452
arma,-644.916092016295,80.24886155153071,-0.11664969991451055
bindingofisaac,-642.902153243035,83.88870371210791,0.18001028487658394
cats,-648.273129081461,77.7967379041761,0.08420220504168831
criticalrole,-641.306346563935,101.045324026287,0.05710100160456103
enoughsandersspam,-655.28587204261,94.7921852124758,0.07649013899656205
fivenightsatfreddys,-640.002864567769,94.90369233893749,0.07368669646414305
ftm,-631.920612225652,95.48798088644459,0.2746245156455849
gadgets,-655.1490302503599,76.5789641386234,0.018387275702808934
germany,-647.878945368215,85.9155507110488,-0.1178526254153914
halifax,-646.285546735945,87.6788349189744,0.12085185799361185
headphones,-640.533591322297,80.4923607802226,0.2398398423521279
hearthstone,-632.877425471446,83.1802101269373,0.11748963876555246
india,-652.410005276623,94.4958405841827,0.03416136177914283
italy,-646.926704377069,68.24770708732271,0.09207782047235787
meirl,-662.397951753366,79.46313758120421,-0.011163944531923072
mexico,-646.7451480247811,68.38503528734921,-0.004933224178767701
mildlyinfuriating,-658.608573775616,83.8744115297535,0.12350232437040835
pathofexile,-636.566394865132,86.3640658638575,0.049784242751172623
philadelphia,-647.983613293816,88.3488439234577,-0.08091579486354183
pkmntcgtrades,-625.349736296923,79.83882475845101,-0.022606557147551287
pokemongo,-632.972658240412,85.0087070567021,0.1506694010260499
relationship_advice,-616.640650929437,86.67104306780278,0.03268468525018224
relationships,-616.396964999909,86.39240748753349,-0.005185307040409815
southpark,-650.178233572567,83.2092193293251,0.11531966521395538
spikes,-624.394630730464,86.8335402150146,-0.0022973997666520937
uncensorednews,-659.109739015892,92.97822463335122,-0.04219020761525581
web_design,-646.480142399994,79.8472360541709,-0.00568636827608831
xboxone,-634.853719839087,82.7974466017594,0.0710335488490649
AndroidQuestions,-623.19335834218,77.74773098975629,0.005786435095432706
AsianBeauty,-639.378605354809,86.15718038729142,0.19803764273250757
CollegeBasketball,-647.119106612555,97.5173003988212,-0.02669351871010509
CringeAnarchy,-661.120921427005,85.66633534489391,0.07838502738686746
DebateReligion,-624.650399825531,96.57001187763859,-0.03739340380318797
DynastyFF,-632.491696157195,95.4188190966954,0.21843215724676707
Eve,-637.291898792881,87.18712256537371,0.08960120897228013
FIFA,-634.8225049710679,85.95261657913592,0.004624689824868858
Fitness,-618.9231113938749,82.82647303268021,0.043419543731958915
GlobalOffensiveTrade,-630.502148589326,81.0461038386738,0.07223407534041196
Incels,-630.8520158108261,100.857532663724,-0.06581710590063328
Jeep,-647.405093849935,77.21001696716,0.06619800341276443
Jokes,-621.382584786583,80.3976521998731,0.05250237419893106
MMORPG,-630.499707314392,90.53775547650369,0.261556593260528
NoFap,-631.247816027537,85.418265746999,0.14809110894762784
Piracy,-639.206410718009,78.3079674995284,0.18070110381895016
SVExchange,-628.059705136073,81.19940381571121,0.08011308586718949
Seattle,-648.105643012457,88.7621890170648,-0.12558276423730932
Terraria,-644.044679536028,80.6211905548706,0.1490081944774006
TrollXChromosomes,-656.4901484910711,89.0379373142318,0.06863289902026944
airsoft,-644.276527171136,77.28493511599629,0.1441861375530582
amiugly,-638.226143000728,73.2030914194952,0.010557033357223574
bloodborne,-620.335170820699,85.6926006400419,0.05758527655476721
chelseafc,-648.485509077792,99.8780944203622,0.10804871886891877
childfree,-632.459927615925,91.8865878754971,0.11156614527833023
drunk,-637.026036335426,74.7701372451538,-0.079972709735516
ecigclassifieds,-636.959227352092,74.7590156960759,0.10525695794486817
europe,-654.489998611498,87.8936834201618,0.06018656079326788
explainlikeimfive,-619.197690835847,82.1074721250072,0.060508889675743006
funkopop,-639.838212520859,94.6850342445228,-0.005504353850956709
iamverysmart,-659.7927077051841,85.2434616255005,0.055256168978395935
leagueoflegends,-632.781321663552,83.5668904540557,0.207773999952118
mbti,-629.4584842396459,96.65378221971241,0.24769358215936954
montreal,-647.4092478388591,86.58067543119871,0.12724174822811515
offmychest,-616.80767940233,87.4460136463317,0.02658365062488287
pcmasterrace,-633.938684326019,81.4621679840806,0.1629687022732512
rapbattles,-649.780301779913,97.92519729517728,0.09722274477336215
seduction,-630.815703949217,93.57530042471849,0.16377794851672253
startrek,-643.154761597617,88.1810075719186,0.20054285726503657
streetwear,-642.330430531912,92.4833738656905,0.08510042193182922
talesfromtechsupport,-621.68131996694,90.594016989463,0.0006642943261715883
tf2,-637.935509963435,87.25046947018178,0.005139977158929203
travel,-652.642793548519,71.6328192604465,-0.2254914607910976
unitedkingdom,-654.483671630738,88.4136715992156,0.09932432410769272
vaporents,-643.751255046278,78.30108412873541,0.19229133325370304
weekendgunnit,-650.5454621086401,80.07274721939321,0.008160692831168674
writing,-640.185687055603,83.3432621462404,0.1898844098638438
