subreddit,subscriber_count,flesch_kincaid,pc_self_posts,pc_link_posts,contributor_count,average_num_urls,contributor_subscriber_ratio
100thieves,1443.0,4.607538095353227,0.672645739910314,0.3273542600896861,421,0.03713298791018999,0.29175329175329173
10cloverfieldlane,6881.0,5.4360126349814095,0.7434094903339191,0.2565905096660808,5880,0.07507731389441133,0.854526958290946
1200isjerky,1590.0,5.306972419040071,0.6049382716049383,0.3950617283950617,728,0.04548635409377187,0.4578616352201258
19thCenturyHumor,996.0,3.446365819060936,1.0,0.0,78,0.064,0.0783132530120482
2016Protest,2266.0,6.5863507400974965,0.6556291390728477,0.3443708609271523,408,0.09312080536912752,0.18005295675198588
2Ltr_babe,1876.0,2.9004422027409515,0.06451612903225806,0.935483870967742,193,0.022184300341296932,0.10287846481876332
2meirl4meirl,8413.0,3.717744460763512,0.05955743879472693,0.9404425612052729,13448,0.05503328983167068,1.5984785451087602
600euro,2033.0,6.108898221371884,0.03378378378378378,0.9662162162162162,1027,0.08880778588807786,0.5051647811116576
9M9H9E9,6353.0,6.478732634568052,0.5292307692307693,0.4707692307692308,1233,0.1324515824279641,0.19408153628207145
ABoringDystopia,1218.0,5.776324778094115,0.024489795918367342,0.9755102040816328,646,0.11055276381909547,0.5303776683087028
AbletonRacks,1302.0,4.03345088318238,0.972972972972973,0.027027027027027032,140,0.08955223880597014,0.10752688172043011
AboutDopamine,541.0,8.155213043797701,0.18099547511312214,0.8190045248868778,93,0.3157894736842105,0.17190388170055454
AccidentalBoobGrazes,1295.0,2.6767143655150334,0.029411764705882356,0.9705882352941176,103,0.18439716312056734,0.07953667953667953
AdventureLookup,597.0,8.191591866850652,0.9772727272727272,0.022727272727272728,117,0.08766233766233766,0.19597989949748743
AfghanConflict,510.0,7.957301330492539,0.030821917808219176,0.9691780821917808,119,0.30710659898477155,0.23333333333333334
Afrodisiac,6382.0,2.2191561423772117,0.0277505713352922,0.9722494286647078,1559,0.09408362989323844,0.24428078972109057
AlcoholGifRecipes,5369.0,4.875609320996754,0.0,1.0,213,0.1040268456375839,0.0396721922145651
AliceIsntDead,1022.0,6.538508841968797,0.6310679611650486,0.36893203883495146,401,0.059314179796107515,0.3923679060665362
AmateurPornVids,1132.0,3.0144782537272183,0.05263157894736842,0.9473684210526316,65,0.0,0.05742049469964664
AmazingTeens,9160.0,2.2762601114366956,0.009163802978235968,0.990836197021764,540,0.1264222503160556,0.05895196506550218
AmericasTestKitchen,509.0,6.19471709001305,0.7692307692307693,0.2307692307692308,43,0.07352941176470587,0.08447937131630648
AnalCasting,1744.0,-1.243948368575867,0.1274131274131274,0.8725868725868726,60,1.15,0.034403669724770644
AnalogyKing,4676.0,5.246935038330035,0.5567010309278351,0.4432989690721649,293,0.11325301204819276,0.06266039349871685
AnimalsBeingConfused,13627.0,3.4639468145830534,0.01904761904761905,0.9809523809523808,1643,0.1198792583009918,0.12056945769428341
AntiJakes,673.0,2.5244367113276147,0.7934131736526946,0.20658682634730535,399,0.019520851818988463,0.5928677563150074
ArtOfSucking,3675.0,0.06492222680407381,0.0015537600994406464,0.9984462399005594,307,0.930388219544846,0.08353741496598639
ArtisanGifts,1179.0,4.0259369191223415,0.011067193675889328,0.9889328063241106,879,0.1492329149232915,0.7455470737913485
Ashley_Graham,1042.0,3.2888185758067148,0.0032573289902280127,0.996742671009772,93,0.1931330472103004,0.0892514395393474
AskBernieSupporters,1413.0,7.205719120510106,0.9907407407407408,0.009259259259259259,2416,0.13555939473370665,1.7098372257607926
AskLinuxUsers,722.0,6.839521923131912,0.9606299212598424,0.03937007874015748,242,0.20388349514563106,0.33518005540166207
AskTrumpSupporters,12180.0,6.970494839465588,0.9994341757827236,0.0005658242172764996,23129,0.13406912123954956,1.8989326765188834
Aurelion_Sol_mains,575.0,6.298106244367716,0.7703412073490814,0.22965879265091865,856,0.051223081747857,1.488695652173913
AvaWest,520.0,2.7824684511957227,0.2727272727272727,0.7272727272727273,94,0.017241379310344827,0.18076923076923077
B4CGI,1301.0,3.4591778716393966,0.13157894736842105,0.8684210526315791,62,0.12345679012345677,0.04765564950038432
BDSMLife,656.0,4.853584395343083,0.2857142857142857,0.7142857142857143,68,0.2265625,0.10365853658536585
BDSM_Smiles,648.0,2.708709859218116,0.038560411311053984,0.961439588688946,158,0.3211920529801324,0.24382716049382716
BLMWatch,2136.0,5.1548186032964605,0.0749063670411985,0.9250936329588016,645,0.0847723704866562,0.30196629213483145
BO3PC,539.0,4.788592283677887,0.5826612903225806,0.4173387096774194,485,0.06811005863779883,0.8998144712430427
BabySkunks,1498.0,2.546338147846701,0.022727272727272728,0.9772727272727272,89,0.10256410256410256,0.05941255006675567
BadRocketLeagueGoals,3935.0,4.066479447651683,0.10112359550561796,0.8988764044943821,923,0.06902871105681124,0.23456162642947903
BannedFromThe_Donald,1717.0,5.460849321794613,0.4131126670910248,0.5868873329089752,3074,0.10169345083808536,1.790331974373908
BattleRite,912.0,5.534240337095786,0.7133281972265023,0.2866718027734977,14165,0.0463595308765872,15.531798245614034
BeachCity,1866.0,4.6556459429821535,0.5847758081334724,0.4152241918665277,3075,0.13713843440070558,1.6479099678456592
Beardsandboners,1019.0,1.7866188980043631,0.015267175572519085,0.9847328244274808,547,0.008171603677221655,0.5368007850834151
BeginnerWoodWorking,2000.0,5.354205812943833,0.6219512195121951,0.3780487804878049,656,0.16533957845433256,0.328
BeingOnTheEdge,1594.0,3.10857927511466,0.0576923076923077,0.9423076923076924,173,0.15196078431372548,0.10853199498117942
BernItDown,522.0,6.424729676137744,0.19718309859154928,0.8028169014084507,70,0.2328767123287671,0.13409961685823754
BernTheConvention,7216.0,5.068187450528902,0.5337016574585636,0.4662983425414365,2143,0.113671875,0.2969789356984479
BernieSandersGIFs,595.0,1.4549531723998914,0.017543859649122806,0.9824561403508772,54,0.6296296296296297,0.0907563025210084
Bernie_Sanders,1544.0,5.517775484103801,0.23604060913705585,0.7639593908629442,999,0.16777408637873753,0.647020725388601
Berniecrats,598.0,6.771498870370138,0.13968957871396895,0.8603104212860311,251,0.4472573839662447,0.4197324414715719
BestGiftsUnder25USD,612.0,2.1544736453702,0.0009551098376313276,0.9990448901623686,28,0.13157894736842105,0.0457516339869281
BetrayalVideos,1184.0,3.644191107267971,0.07317073170731707,0.9268292682926829,100,0.018018018018018014,0.08445945945945946
BikiniBottomTwitter,41674.0,3.8765315323104237,0.005650945446642034,0.994349054553358,14842,0.0650232675135203,0.35614531842395736
BillBurrCommentaries,1120.0,4.015888435858187,0.05844155844155844,0.9415584415584416,227,0.08868501529051988,0.20267857142857143
BimboOrNot,2669.0,2.727563030294248,0.0002604845011721802,0.9997395154988278,592,0.3051643192488263,0.22180591982015735
BirdsForScale,9430.0,3.7472737798020983,0.06196213425129087,0.9380378657487092,1166,0.25865002836074874,0.12364793213149523
Bitcoin_Classic,1731.0,6.1265010644205615,0.3381877022653721,0.6618122977346278,775,0.17773094485423252,0.44771808203350666
BlacksOnRedheads,774.0,3.5845556776556795,0.0,1.0,24,0.2,0.031007751937984496
BlancNoir,1521.0,1.217079932919289,0.21428571428571427,0.7857142857142857,78,0.08080808080808081,0.05128205128205128
BombAzz,553.0,3.4704547354286652,0.625,0.375,65,0.0,0.11754068716094032
BondageGIFS_HighRES,504.0,6.9252677152650275,0.004784688995215311,0.9952153110047848,308,0.10831889081455806,0.6111111111111112
BreeEssrig,1264.0,3.163062652922544,0.14,0.86,91,0.09146341463414634,0.07199367088607594
BrilliantBritain,537.0,6.186240738688962,0.014705882352941175,0.9852941176470588,45,0.29508196721311475,0.08379888268156424
BustyGirlsGoneWild,2322.0,2.6349374808460038,0.0,1.0,267,0.0275974025974026,0.11498708010335917
CAVDEF,1212.0,7.31426130027466,0.3354943273905997,0.6645056726094003,382,0.4220743205768164,0.31518151815181517
CEIcaptions,843.0,3.2695253413401817,0.04,0.96,43,0.06818181818181818,0.051008303677342826
CFNMvideos,603.0,2.296666666666668,0.0,1.0,8,0.25,0.013266998341625208
CWArrow,1634.0,6.068133200717669,0.5271439811172305,0.4728560188827695,1179,0.039642033139900716,0.7215422276621787
Cabshots,1073.0,4.497732171967374,0.06329113924050632,0.9367088607594936,147,0.10580204778156996,0.1369990680335508
CamGirlRecordings,973.0,5.805530847987577,0.031055900621118005,0.968944099378882,29,0.06451612903225806,0.029804727646454265
CamSelfies,942.0,0.7033457818223455,0.02205882352941177,0.9779411764705882,49,0.453125,0.05201698513800425
CampfireCooking,5991.0,4.592232197512458,0.2540322580645161,0.7459677419354839,776,0.08213552361396304,0.12952762477048907
Canonade,6594.0,8.143359925928223,0.9466192170818504,0.05338078291814947,510,0.07627564439768543,0.07734303912647862
CapitalismVSocialism,5080.0,8.142472989972786,0.9970227670753063,0.0029772329246935203,5397,0.0838250926627326,1.0624015748031497
CaptainMarvelous,1012.0,2.912167492600425,0.2631578947368421,0.7368421052631579,115,0.014376996805111819,0.11363636363636363
CarolinaRamirez,823.0,1.4206227521590322,0.054054054054054064,0.945945945945946,44,0.6263736263736264,0.053462940461725394
CatPeopleTwitter,592.0,1.9489166124391464,0.0,1.0,41,0.14285714285714285,0.06925675675675676
CatTaps,5023.0,3.4349193126309685,0.002493765586034913,0.9975062344139652,1353,0.13373083475298125,0.2693609396774836
Catsonmeth,1637.0,1.9291596627597265,0.06521739130434782,0.9347826086956522,119,0.13815789473684212,0.07269395235186317
Celeb_Collages,1087.0,2.465336204052852,0.010245901639344263,0.9897540983606558,112,0.17482517482517482,0.10303587856485741
CelebrityJOMaterial,1529.0,3.670496509358377,0.12594531704479348,0.8740546829552065,1170,0.21892381321950588,0.7652060170045781
CelebsExposed,5092.0,3.0154886619509846,0.002070393374741201,0.9979296066252588,664,0.3105633802816901,0.13040062843676356
Celsius232,1510.0,4.096499982609485,0.9786096256684492,0.0213903743315508,290,0.16748768472906406,0.19205298013245034
CelticUnion,2609.0,5.618682697632302,0.4152173913043478,0.5847826086956521,887,0.12591431556948798,0.33997700268302034
CensorShips,789.0,3.042107746025559,0.07407407407407407,0.925925925925926,35,0.05882352941176471,0.044359949302915085
CharacterNames,1476.0,6.570087974097978,1.0,0.0,526,0.04878048780487805,0.35636856368563685
CheckYourJohnson,1108.0,4.926290066867176,0.10940695296523516,0.8905930470347648,600,0.1448744769874477,0.5415162454873647
ChekhovsDitch,2409.0,3.4550717206640718,0.007936507936507936,0.992063492063492,322,0.2554890219560878,0.1336654213366542
Cherubesque,3856.0,3.5916499694035298,0.08024691358024691,0.9197530864197532,418,0.12290502793296088,0.10840248962655602
ChurchOfJohnScott,620.0,1.70920719683268,0.29310344827586204,0.7068965517241379,81,0.15853658536585366,0.13064516129032258
CivGovernment,611.0,5.7721499395874085,0.7938144329896907,0.20618556701030927,185,0.12696335078534032,0.3027823240589198
Claire_Abbott_,1105.0,2.817119565728705,0.084,0.9159999999999999,161,0.09788867562380038,0.14570135746606336
ClashDecks,933.0,5.840906326714329,0.7507507507507507,0.24924924924924924,1213,0.06892697466467958,1.30010718113612
ClashRoyale,50127.0,5.172259841197384,0.7022682445759368,0.2977317554240631,50829,0.03488212112647515,1.0140044287509726
Cloververse,980.0,6.334006796794951,0.6020942408376964,0.3979057591623037,398,0.0625,0.4061224489795918
CodePerformance,2241.0,8.564824116052797,0.12121212121212123,0.8787878787878788,97,0.2857142857142857,0.043284248103525214
ColossalIsCrazy,701.0,4.571734750300373,0.29411764705882354,0.7058823529411765,245,0.04651162790697674,0.34950071326676174
ComicPlot,1346.0,4.742463482508602,0.002188183807439825,0.9978118161925602,83,0.06552706552706553,0.061664190193164936
CompetitiveCR,691.0,6.128528732114242,0.8705357142857143,0.12946428571428573,471,0.04149933065595717,0.6816208393632417
CompoundMedia,817.0,4.0997022196730795,0.6634304207119741,0.3365695792880259,423,0.047134440278521685,0.5177478580171359
ConfusingGravity,5860.0,4.281032791509995,0.06802721088435375,0.9319727891156464,577,0.11228070175438597,0.0984641638225256
CoolDinosaurPictures,5781.0,4.28937622796839,0.004830917874396135,0.9951690821256038,990,0.1251564455569462,0.17125064867669954
Cosplaying,706.0,2.125438037842145,0.012084592145015106,0.9879154078549848,69,0.16883116883116886,0.09773371104815864
CounterStrikeStrats,2261.0,5.356835186319213,0.3448275862068966,0.6551724137931034,451,0.08454106280193238,0.19946926138876603
CourseHeroDocuments,729.0,2.176972986164164,0.9787234042553192,0.02127659574468085,39,0.027777777777777776,0.053497942386831275
CourseRequests,5746.0,3.6541711230577314,0.9494949494949496,0.0505050505050505,130,0.025,0.02262443438914027
CowChop,12893.0,4.29070575284115,0.4377423524342956,0.5622576475657044,6824,0.0739296181221216,0.529279453967269
CreationGifs,1157.0,4.941891584524114,0.029126213592233014,0.9708737864077671,98,0.5978260869565217,0.0847018150388937
CritterVsCritter,3049.0,4.5440572482973245,0.10588235294117647,0.8941176470588236,249,0.19069767441860466,0.08166612003935717
Crittersoncapybaras,2002.0,4.424068069768441,0.0425531914893617,0.9574468085106383,145,0.055999999999999994,0.07242757242757243
CrowGifs,1422.0,3.0500742090326387,0.02097902097902098,0.9790209790209792,173,0.1450381679389313,0.12165963431786217
CubicBundle,674.0,2.8811798407348888,0.1264367816091954,0.8735632183908046,38,0.08,0.05637982195845697
CyberSleuth,1490.0,6.475831273417631,0.8936348408710217,0.10636515912897823,1305,0.06430971044632859,0.8758389261744967
DCEUboners,1179.0,3.2143661953103555,0.019522776572668116,0.980477223427332,213,0.22011385199240988,0.1806615776081425
DCEUleaks,1049.0,4.674541819760886,0.7596471885336273,0.24035281146637266,1926,0.04775976359715678,1.8360343183984746
DCEvents,536.0,3.7384971823187136,0.27167630057803466,0.7283236994219653,78,0.09803921568627452,0.1455223880597015
DNMParanoia,967.0,4.4169654287168285,0.9802469135802471,0.019753086419753086,616,0.024676125848241828,0.6370217166494312
DNMUK,1045.0,5.5556191369761585,0.9732120293151376,0.02678797068486227,2394,0.054599101988454135,2.290909090909091
DTRH,2523.0,5.21056768809205,0.3043478260869565,0.6956521739130435,188,0.1339622641509434,0.0745144669044788
DZPD,2922.0,4.722772235555947,0.8660826032540676,0.13391739674593242,1172,0.061335982120685376,0.4010951403148528
DarkSouls3JPN,1905.0,5.298198559701807,0.9380392156862744,0.06196078431372549,3499,0.03469212939635191,1.8367454068241469
DatBoi,9207.0,1.8858083876434681,0.06524184476940383,0.934758155230596,2749,0.07599486521181001,0.2985771695449115
DeTandenborstel,514.0,4.584232059921481,0.1875,0.8125,140,0.06211180124223601,0.2723735408560311
DeathPositive,966.0,7.362079227447853,0.514018691588785,0.485981308411215,308,0.12579281183932348,0.3188405797101449
DeathStranding,3101.0,6.133701007762518,0.5590304925723222,0.4409695074276779,2695,0.11657142857142858,0.8690744920993227
Death_By_SnuSnu,1462.0,2.635222623873431,0.020942408376963352,0.9790575916230366,135,0.3553113553113553,0.09233926128590972
DesiignerPics,724.0,3.578280474780713,0.018691588785046728,0.9813084112149532,204,0.25732899022801303,0.281767955801105
Desynchronized,3818.0,3.373856480739412,0.22033898305084745,0.7796610169491526,195,0.23036649214659685,0.05107386066003143
Diepio,2309.0,4.5731443301158565,0.6288804986215989,0.37111950137840105,10208,0.053483026587519016,4.420961455175401
DigimonLinkz,502.0,5.6183702245460845,0.8703047484053863,0.12969525159461376,1017,0.039009213832715085,2.0258964143426295
DisneyPinSwap,714.0,4.162207792083652,0.24655312246553124,0.7534468775344688,522,0.2812004230565838,0.7310924369747899
DkS3Builds,3599.0,6.371839248423706,0.9226694915254238,0.07733050847457627,2499,0.10331930808789154,0.6943595443178661
Dogberg,4768.0,3.3807918660233347,0.038022813688212934,0.9619771863117872,810,0.1323529411764706,0.16988255033557048
DonCherrySuits,1034.0,4.191955734541206,0.03571428571428571,0.9642857142857144,79,0.12087912087912088,0.07640232108317214
Donsguard,754.0,5.241581127601378,0.03870967741935484,0.9612903225806452,119,0.10465116279069768,0.15782493368700265
DragonsDogmods,736.0,6.155805411867298,0.8730650154798761,0.12693498452012386,591,0.15985356924954242,0.8029891304347826
Drumpf,5243.0,5.4826620530750185,0.09145496535796767,0.9085450346420324,2957,0.15138402362799644,0.563990082014114
DudeClub,1150.0,2.0542904630056817,0.009933774834437088,0.9900662251655628,80,0.14814814814814814,0.06956521739130435
DylanDreyer,575.0,2.0317114038281057,0.025,0.975,30,0.3023255813953488,0.05217391304347826
E3_2016,1806.0,5.226241329240019,0.1921921921921922,0.8078078078078078,493,0.11428571428571427,0.27297895902547065
EARONS,981.0,7.063100409180193,0.7777777777777778,0.2222222222222222,475,0.07778011351692242,0.4841997961264016
EASPORTSUFC2,584.0,4.690840398232073,0.581901489117984,0.4180985108820161,620,0.1108490566037736,1.0616438356164384
ETE,575.0,7.019441788753133,0.7164179104477612,0.2835820895522388,117,0.07651245551601424,0.20347826086956522
EbayWTF,2595.0,4.628329756800532,0.01212121212121212,0.987878787878788,259,0.02766798418972332,0.09980732177263969
EditMyRaw,579.0,2.9552359335377427,1.0,0.0,459,0.5756475429678044,0.7927461139896373
Electomatic,900.0,7.597164793567746,0.05438066465256797,0.945619335347432,30,0.5306122448979592,0.03333333333333333
ElizabethTurner,3272.0,3.78858746503101,0.011320754716981131,0.9886792452830188,177,0.13877551020408166,0.05409535452322738
EllenBaker,686.0,3.179124707314533,0.15306122448979592,0.8469387755102041,93,0.4105691056910569,0.13556851311953352
Emuwarflashbacks,8261.0,5.400882522853931,0.34444444444444444,0.6555555555555556,1056,0.06668946648426813,0.1278295605858855
EnoughHillHate,2303.0,5.802394327586957,0.33808695652173915,0.6619130434782609,2425,0.11490189719474625,1.0529743812418584
ErinAshford,14910.0,2.757479404822467,0.19047619047619047,0.8095238095238095,905,0.026016260162601626,0.06069751844399732
EuropeanCuties,1323.0,5.456045133027893,0.022900763358778626,0.9770992366412212,21,0.4827586206896552,0.015873015873015872
EuropeanPeoples,630.0,5.737338209532106,0.015431377133504794,0.9845686228664952,334,0.2820676451818762,0.5301587301587302
Exhibitionistfun,566.0,2.472816596688701,0.005813953488372093,0.994186046511628,58,0.34444444444444444,0.10247349823321555
ExoticLesbians,1184.0,0.10681374519102843,0.0,1.0,25,0.1724137931034483,0.021114864864864864
Exurb1a,1271.0,5.7132577196634236,0.6058823529411764,0.3941176470588235,474,0.1960556844547564,0.37293469708890636
F4ConsoleMods,570.0,6.624947091487135,0.9348441926345608,0.06515580736543909,363,0.0916083916083916,0.6368421052631579
FFNBPS,2302.0,3.2824932362232513,0.011152416356877323,0.9888475836431226,231,0.4440559440559441,0.10034752389226759
FaSaA,5056.0,3.1939097614968794,0.06930693069306931,0.9306930693069309,326,0.06435643564356436,0.06447784810126582
FactoryIdleGame,546.0,6.339398254658248,0.624,0.376,769,0.3024771838331161,1.4084249084249085
FailsOnStream,924.0,4.170063250208521,0.07462686567164177,0.9253731343283582,132,0.10982658959537572,0.14285714285714285
FantasyIsland,746.0,1.0960739844036638,0.009345794392523364,0.9906542056074766,120,0.7210144927536232,0.16085790884718498
FarmsofStardewValley,822.0,4.018354289582587,0.3163265306122449,0.6836734693877551,195,0.06896551724137931,0.23722627737226276
Fatsanity,621.0,3.6904737745914233,0.0,1.0,23,0.4705882352941176,0.037037037037037035
FazCo,629.0,3.0462506971564665,0.2262669521770164,0.7737330478229836,522,0.0504266873545384,0.8298887122416534
FedExcellent,3694.0,4.138166855309996,0.23943661971830985,0.7605633802816901,241,0.0972568578553616,0.06524093123984841
FemdomMatriarchy,1172.0,5.513347473453007,0.44258872651357,0.55741127348643,219,0.04550499445061043,0.18686006825938567
FemdomMilking,2362.0,1.1060200182038658,0.013550135501355014,0.986449864498645,191,0.2857142857142857,0.08086367485182049
Feministpassdenied,1041.0,4.932622961551356,0.03658536585365853,0.9634146341463414,387,0.04376657824933687,0.37175792507204614
FootballCoach,666.0,5.211179362990216,0.5127551020408163,0.4872448979591837,566,0.0831689677843524,0.8498498498498499
Footbrawl,718.0,4.819677193835997,0.06542056074766353,0.9345794392523364,77,0.2761904761904762,0.10724233983286909
ForbiddenSex,1236.0,2.4363293650793656,0.18181818181818185,0.8181818181818182,29,0.0,0.023462783171521034
ForeheadCum,1609.0,0.9392265991387546,0.010714285714285714,0.9892857142857144,125,0.6193548387096774,0.07768800497203232
ForeverUnwanted,1540.0,5.290941367437885,0.8095238095238095,0.19047619047619047,1001,0.03297106433713945,0.65
FormerPizzaHuts,875.0,2.9563143324938363,0.027777777777777776,0.9722222222222222,49,0.2926829268292683,0.056
FreeMagazines,852.0,4.644721610088665,0.0,1.0,49,0.2388059701492537,0.057511737089201875
FreeorCheapEJuice,1180.0,4.4904595032818335,0.75,0.25,147,0.0943952802359882,0.12457627118644068
FromSoftwareSouls,689.0,5.9185735389568475,0.4683908045977012,0.5316091954022989,253,0.048654244306418216,0.3671988388969521
FromTheBourgeoisie,630.0,5.707099976795358,0.11627906976744184,0.8837209302325582,48,0.2280701754385965,0.0761904761904762
FrontUK,584.0,4.825507943932572,0.036764705882352935,0.9632352941176472,32,0.5036496350364964,0.0547945205479452
Fuck2016,7229.0,4.087004327147221,0.252400548696845,0.747599451303155,9447,0.08436297346566743,1.3068197537695394
FuckTommen,528.0,3.79514107606468,0.8095238095238095,0.19047619047619047,134,0.05223880597014925,0.2537878787878788
Full_Nelson,1000.0,1.3379786142676775,0.008264462809917356,0.9917355371900828,55,0.46875,0.055
Full_news,15362.0,5.8691409436321536,0.047619047619047616,0.9523809523809524,2204,0.10610366761402083,0.14347090222627262
FurnitureMaking,1881.0,5.127153541516974,0.04838709677419355,0.9516129032258064,206,0.16468253968253968,0.10951621477937268
GamingLeaksAndRumours,684.0,4.793794893126226,0.23706896551724135,0.7629310344827587,801,0.05701754385964913,1.1710526315789473
Gaming_illuminaughty,1164.0,4.6901412894887216,0.2248689852310624,0.7751310147689376,1295,0.6909278350515464,1.1125429553264605
GangbangAndBukkake_HD,534.0,2.7605833978775163,0.02307692307692308,0.9769230769230768,19,0.3333333333333333,0.035580524344569285
GangbangChicks,1138.0,2.406181890225468,0.05555555555555555,0.9444444444444444,83,0.16145833333333334,0.07293497363796134
GayFreeUse,2545.0,2.6866674155289316,0.0546448087431694,0.9453551912568308,204,0.10133333333333333,0.08015717092337918
GayJiggleJiggle,739.0,-0.9811614711592536,0.0,1.0,62,1.0520833333333333,0.08389715832205684
GermanWW2photos,763.0,7.1867259511801755,0.012615643397813287,0.9873843566021868,258,0.2299509001636661,0.3381389252948886
GiIvaSunner,2378.0,5.4203400933272805,0.2763185396781161,0.723681460321884,5061,0.1329736171339667,2.128259041211102
GifRecipesKeto,2314.0,4.100661877466054,0.04444444444444445,0.9555555555555556,95,0.22916666666666666,0.04105445116681072
GirlfriendGM,1299.0,3.2038282305534045,0.07692307692307693,0.9230769230769232,83,0.3703703703703704,0.06389530408006158
GirlsDoPornMovies,672.0,1.3777272727272738,0.014492753623188406,0.9855072463768116,5,0.0,0.00744047619047619
GirlsRimGuys,694.0,2.9612630946122818,0.03431372549019608,0.965686274509804,115,0.2333333333333333,0.16570605187319884
GolfWithFriendsGame,739.0,3.3700321077181483,0.5117493472584856,0.4882506527415144,403,0.0507399577167019,0.5453315290933695
GrabHerTitties,994.0,1.2331761546162752,0.015384615384615384,0.9846153846153848,35,1.1,0.035211267605633804
Granblue_en,1634.0,6.367083527879706,0.7465753424657534,0.2534246575342466,4051,0.08417936169507627,2.4791921664626684
GuysLinedUp,666.0,-1.027959944192886,0.0,1.0,31,1.0,0.046546546546546545
HELP_tale,1179.0,5.274915544816905,0.42065868263473055,0.5793413173652695,853,0.09495599187542317,0.7234944868532655
HTC10,592.0,5.1317385887587115,0.8398009950248756,0.16019900497512438,1329,0.07107512370670266,2.2449324324324325
Hacking_Tutorials,1254.0,5.0744317744195095,0.41802252816020025,0.5819774718397998,849,0.07063882063882064,0.6770334928229665
HarnessGags,785.0,4.4960333823008245,0.01818181818181818,0.9818181818181818,38,0.2419354838709677,0.048407643312101914
HateSubredditOfTheDay,1833.0,4.97331151986169,1.0,0.0,249,0.13168395849960096,0.13584288052373159
HateSubsInAction,573.0,5.294905610147821,0.2432432432432433,0.7567567567567568,211,0.038231780167264036,0.3682373472949389
HaveToHaveHer,9426.0,2.217093754252629,0.001971090670170828,0.9980289093298292,785,0.1291155584247902,0.08328028856354763
HealSlut,2711.0,4.205481118677094,0.10091743119266056,0.8990825688073395,198,0.09262948207171316,0.07303578015492439
HillaryForPrison,50149.0,5.721245685697142,0.1294706103449273,0.8705293896550728,35714,0.13609687778995427,0.7121577698458593
HistoricCrimes,559.0,7.623627923058675,0.9375,0.0625,17,0.2575757575757576,0.03041144901610018
HiveMindMaM,718.0,6.600492190195423,0.8114754098360656,0.1885245901639344,245,0.12950115626032374,0.3412256267409471
HotForFitness,1642.0,2.5730900407312287,0.00098173964264677,0.9990182603573532,283,0.2823741007194245,0.1723507917174178
HottestWhiteGirls,1371.0,2.026426499107712,0.0,1.0,195,0.3918918918918919,0.1422319474835886
Hotwivesprep,1130.0,3.5992906107421363,0.01263157894736842,0.9873684210526316,103,0.006289308176100629,0.09115044247787611
ILivedThroughIt,641.0,5.4712453257637845,0.1153846153846154,0.8846153846153846,51,0.30337078651685395,0.07956318252730109
IamPrincessPoute,635.0,3.4402655159659847,0.13636363636363635,0.8636363636363636,75,0.006329113924050633,0.11811023622047244
ImaginaryDwellings,894.0,1.3537354706414255,0.0,1.0,102,0.6975,0.11409395973154363
ImaginaryFuturism,4471.0,2.7952164134850253,0.0072815533980582535,0.9927184466019418,261,0.5126050420168067,0.05837620219190338
ImaginaryGatherings,600.0,1.729610827352724,0.0,1.0,49,0.8178807947019867,0.08166666666666667
ImaginaryMassEffect,735.0,3.137368077336852,0.025157232704402517,0.9748427672955976,74,0.3354430379746836,0.10068027210884353
ImaginaryOverwatch,765.0,2.8774827830305374,0.01090909090909091,0.9890909090909092,279,0.8893333333333333,0.36470588235294116
IndianCusine,504.0,5.0919576719576725,0.0,1.0,8,0.0,0.015873015873015872
IndianIGGirls,584.0,1.6064679885111477,0.017094017094017096,0.9829059829059827,65,0.3291925465838509,0.1113013698630137
InfiniteWinter,772.0,7.5329424957869735,0.6933962264150944,0.30660377358490565,359,0.07825403067243414,0.4650259067357513
Infinitewarfare,4650.0,4.897880943198,0.7853973736712027,0.2146026263287973,25613,0.024655386045070855,5.508172043010752
InitialDvideos,1656.0,3.8124408665101255,0.030379746835443037,0.9696202531645568,536,0.1228813559322034,0.32367149758454106
InsultingErdogan,2406.0,4.5111918179019925,0.5491525423728814,0.4508474576271186,506,0.12224938875305626,0.21030756442227763
JapaneseInAnime,1313.0,5.8540286097192995,1.0,0.0,64,0.2384937238493724,0.048743335872048744
JediBeingDICKS,2039.0,3.3129041690206047,0.13333333333333333,0.8666666666666667,93,0.22702702702702704,0.045610593428151054
JessicaNigri2,2501.0,4.164935575827911,0.15144230769230768,0.8485576923076923,1136,0.10324536376604852,0.45421831267493
Jessica_Clements,1472.0,3.2655527143202034,0.011695906432748536,0.9883040935672516,82,0.03896103896103896,0.05570652173913043
JewSnap,5834.0,1.5198795336316346,0.017543859649122806,0.9824561403508772,36,0.042857142857142864,0.0061707233459033254
JustFitnessGirls,4748.0,3.280560712746985,0.01282051282051282,0.9871794871794872,784,0.15024121295658166,0.16512215669755687
Justnofil,573.0,5.367869071343207,0.992248062015504,0.007751937984496123,164,0.4352409638554217,0.2862129144851658
Kali_Linux_Essentials,635.0,5.411214360649863,0.7715517241379308,0.22844827586206895,333,0.13428571428571429,0.5244094488188976
Kendra_Lust,746.0,1.0979749536178118,0.05333333333333334,0.9466666666666668,55,0.2857142857142857,0.07372654155495978
Konosuba,865.0,5.538082272150333,0.44680851063829785,0.5531914893617021,414,0.12729026036644167,0.47861271676300576
Kossacks_for_Sanders,2245.0,6.581294943950108,0.2752073644340029,0.724792635565997,5418,0.09988313463771738,2.4133630289532295
LadySlut,8048.0,4.296351480049799,0.02564102564102564,0.9743589743589745,67,0.5059760956175299,0.008325049701789265
Landingvideos,1079.0,5.151871188285994,0.022388059701492536,0.9776119402985076,107,0.17647058823529413,0.09916589434661724
LeanneCrowOfficial,698.0,3.5574318448651066,0.040540540540540536,0.9594594594594594,59,0.18269230769230768,0.08452722063037249
LeatherHarnesses,729.0,4.44573134073134,0.008196721311475409,0.9918032786885246,12,0.19230769230769232,0.01646090534979424
Leglock,1241.0,1.5983406470101864,0.03056768558951965,0.9694323144104804,40,0.6106194690265486,0.032232070910556
LibrarianKnights,519.0,6.03093899447209,0.8288288288288288,0.17117117117117114,299,0.06488443330548592,0.5761078998073218
Lisk,1549.0,4.804569174436018,0.5352380952380953,0.4647619047619048,744,0.12972402882756195,0.4803098773402195
LowSodiumDestiny,2972.0,5.557501069303418,0.9634931997136722,0.036506800286327835,1757,0.027745347160222512,0.5911843876177658
LtCorbis,770.0,3.2196584322917743,0.3747016706443914,0.6252983293556086,430,0.10961968680089486,0.5584415584415584
MadeThis,521.0,3.768762593920047,0.06889352818371608,0.931106471816284,246,0.0659090909090909,0.472168905950096
MakeWay,602.0,5.038400210773207,0.08333333333333333,0.9166666666666666,49,0.05882352941176471,0.08139534883720931
Makingsense,669.0,6.938266184467515,0.9475218658892128,0.05247813411078717,860,0.10292475999106944,1.2855007473841555
MaledomEmpire,6603.0,4.5092082617151865,0.2399522483087943,0.7600477516912058,1006,0.06451760193598466,0.1523549901559897
MaliciousCompliance,5293.0,5.494647638223501,0.6324324324324324,0.3675675675675676,2867,0.036635646130286255,0.5416587946344228
MarvelAvengersAcademy,1151.0,6.323544004251609,0.8880105401844532,0.11198945981554677,912,0.04140866873065016,0.792354474370113
MattsWrittenWord,1833.0,5.2814751153433,0.9428571428571428,0.057142857142857134,107,0.03167420814479638,0.05837424986361157
MeatlessMealPrep,1033.0,5.101310298075809,0.40540540540540543,0.5945945945945946,83,0.5135135135135135,0.0803484995159729
Megumin,3686.0,4.170644269014404,0.06943268416596103,0.930567315834039,901,0.5969305331179321,0.2444384156266956
Mightygrowers,680.0,4.857344458697205,0.6974789915966386,0.3025210084033613,186,0.07531380753138077,0.2735294117647059
MirrorSelfie,2168.0,3.404743604739122,0.0,1.0,273,0.05436893203883495,0.12592250922509224
ModernURx,533.0,7.129263841971192,0.8418079096045198,0.15819209039548024,289,0.06931530008453085,0.5422138836772983
Motionografree,746.0,2.6086296364699733,0.0875,0.9125,38,0.07142857142857142,0.05093833780160858
MovieStunts,3648.0,4.371786967141706,0.042071197411003236,0.9579288025889968,444,0.1676829268292683,0.12171052631578948
Mr_Trump,21741.0,4.723222103224369,0.16788428898236293,0.8321157110176371,10202,0.17217886042814626,0.4692516443585852
MumkeysAnimeReviews,633.0,4.789151911801403,0.2996415770609319,0.7003584229390681,424,0.06405693950177936,0.669826224328594
Muttersunderbreath,532.0,2.5704251824186475,0.08333333333333333,0.9166666666666666,23,0.14814814814814814,0.043233082706766915
MyBeadyEyes,525.0,4.928334845264555,0.0,1.0,20,0.0,0.0380952380952381
MyCastleFE,1200.0,3.335146416566801,0.9920466595970308,0.007953340402969244,1841,0.018556822882808344,1.5341666666666667
MyPornTaste,1231.0,2.375253719372755,0.01366120218579235,0.9863387978142076,59,0.4755244755244755,0.0479285134037368
MysteryMedia,2063.0,6.216559248028465,0.5124555160142349,0.4875444839857651,443,0.09654686398872446,0.21473582161900145
NBAForums,662.0,4.132378199783267,0.7100498556809236,0.28995014431907634,1803,0.01719553270696685,2.7235649546827796
NOWTTYG,1276.0,6.489134150424549,0.046961325966850834,0.9530386740331492,529,0.09224318658280922,0.414576802507837
NSFWBulletTime,3695.0,2.597672024390433,0.002150537634408602,0.9978494623655914,96,0.2436363636363636,0.02598105548037889
NSFWExpectations,1301.0,4.492649082266149,0.1111111111111111,0.8888888888888888,62,0.3703703703703704,0.04765564950038432
NSFWGfysOnly,510.0,1.112341006244974,0.0,1.0,41,0.8267223382045931,0.0803921568627451
NSFWOddlySatisfying,4285.0,3.7984366815997945,0.02395209580838324,0.9760479041916168,351,0.24319419237749546,0.08191365227537924
NSFW_Versus,6763.0,4.232475432731582,0.05555555555555555,0.9444444444444444,222,0.4840525328330206,0.03282566908176845
NSFW__WebcamGirls,8361.0,4.762993611101104,0.0,1.0,327,0.14613778705636746,0.03911015428776462
NSFW_swingers,785.0,1.5948600024540027,0.1,0.9,85,0.045977011494252866,0.10828025477707007
NarutoNinjaStorm,1851.0,5.428245522226316,0.7365243639499784,0.2634756360500216,2043,0.054427355532327915,1.1037277147487845
Nashbrentwood,782.0,1.7214029643427569,0.10526315789473684,0.8947368421052632,61,0.0,0.07800511508951406
NatureBoys,588.0,0.8464652014652017,0.009584664536741214,0.9904153354632588,34,0.10526315789473684,0.05782312925170068
NetflixByProxy,2755.0,4.1590991153904815,0.8725296442687747,0.1274703557312253,3218,0.08612813370473538,1.1680580762250454
NeverTrump,1554.0,6.386275407162279,0.08183520599250936,0.9181647940074906,1881,0.08852564102564102,1.2104247104247103
NewsOutlet,749.0,7.4106706480867075,0.02325581395348837,0.9767441860465116,10,4.0,0.01335113484646195
NewsYouShouldKnow,619.0,7.21806724908563,0.027777777777777776,0.9722222222222222,49,0.5076923076923077,0.0791599353796446
News_Mods_Must_Resign,1078.0,5.4447499663708445,0.5121951219512195,0.4878048780487805,166,0.13110539845758354,0.15398886827458255
NextDoorBoobies,6127.0,2.6123684697252862,0.0007776049766718508,0.999222395023328,523,0.1914893617021277,0.08535988248735107
Nickelodeons,5162.0,3.7976023673816286,0.041284403669724766,0.9587155963302753,279,0.19210053859964094,0.05404881828748547
NoCopyrightMusic,1790.0,4.6869448820175235,0.052805280528052806,0.9471947194719472,152,0.2331288343558282,0.08491620111731843
NonEnglishMusic,1198.0,7.713388719577737,0.01392515230635335,0.9860748476936466,436,0.3271604938271605,0.3639398998330551
NudeOnTV,1069.0,0.884288889412539,0.016666666666666666,0.9833333333333332,12,0.2777777777777778,0.011225444340505144
NudeTastic,1378.0,2.090715686274511,0.0,1.0,28,0.25,0.020319303338171262
OWConsole,781.0,5.935415244067997,0.7984998295260826,0.2015001704739175,3951,0.03640776699029126,5.058898847631242
OldPhotosInRealLife,9867.0,4.0686621318720775,0.09090909090909093,0.9090909090909092,498,0.13506139154160982,0.05047126786257221
OldSchoolCelebs,7442.0,4.58616259200499,0.01393188854489164,0.9860681114551084,1721,0.08196279320571583,0.23125503896801936
OliveMUA,993.0,6.922891681742332,0.7908309455587392,0.20916905444126074,766,0.232757174022487,0.771399798590131
OliviaPickren,625.0,1.6678089569161012,0.0,1.0,13,0.07142857142857142,0.0208
OnBenchNow,5542.0,5.80014749705208,0.5785123966942148,0.4214876033057851,1385,0.14913657770800628,0.2499097798628654
OnlyHotMilfs,2104.0,2.3815632416704298,0.0006080875646093037,0.9993919124353908,637,0.12046332046332045,0.30275665399239543
OpenToonz,599.0,6.061154973763803,0.75,0.25,281,0.2196162046908316,0.4691151919866444
Open_Boobs,534.0,2.6859845577877497,0.1383838383838384,0.8616161616161616,243,0.3923590054578533,0.4550561797752809
OpeningPussy,3526.0,2.450612645300174,0.06976744186046513,0.9302325581395348,60,0.6129032258064516,0.017016449234259785
OperationStreisand,563.0,4.525432808929009,0.13986013986013987,0.8601398601398601,187,0.25513196480938416,0.3321492007104796
OrganicMarijuana,1041.0,5.285648410374012,0.003399915002124947,0.9966000849978749,86,0.32432432432432434,0.08261287223823247
OrgasmTorture,597.0,-0.06303785103784995,0.017857142857142856,0.9821428571428572,20,0.7333333333333333,0.03350083752093802
OverwatchUniversity,26188.0,6.6041586502231375,0.9746927723390959,0.025307227660903982,20291,0.05606208359190131,0.7748205284863297
Overwatch_Memes,3042.0,3.64445325438598,0.04129093497864262,0.9587090650213572,2242,0.04023891857906319,0.7370151216305062
Overwatch_Rule34,917.0,2.9465084539944164,0.1015625,0.8984375,111,0.15454545454545454,0.12104689203925845
Overwatch_XboxOne,1041.0,5.809450027150066,0.8007736943907157,0.19922630560928434,850,0.04263959390862944,0.8165225744476465
PAWGtastic,11368.0,2.356977296618631,0.0413564929693962,0.958643507030604,2600,0.015310828260468546,0.2287121745249824
PAWilds,555.0,5.518373931895669,0.5491803278688525,0.4508196721311475,194,0.14261460101867576,0.34954954954954953
PURE_TRUMP,603.0,5.898226761292963,0.12510860121633366,0.8748913987836664,238,0.3418150975402884,0.3946932006633499
PachaEdits,1206.0,3.1966506974059814,0.21645021645021645,0.7835497835497836,282,0.24354243542435425,0.23383084577114427
PajamaBabes,6915.0,2.646684991672158,0.003968253968253968,0.9960317460317459,173,0.16129032258064516,0.025018076644974692
PanamaPapers,43685.0,6.325699494142383,0.21236749116607773,0.7876325088339222,9918,0.11918035256893175,0.22703445118461715
PantyPlay,828.0,0.4970238095238102,0.038461538461538464,0.9615384615384616,16,0.21428571428571427,0.01932367149758454
ParagonLFG,536.0,4.31568512967109,1.0,0.0,2141,0.12141861545609416,3.9944029850746268
PauperHS,1241.0,5.367413063951727,0.7931034482758621,0.20689655172413796,337,0.14831317632081475,0.2715551974214343
PickHerOutfit,1919.0,1.8643220108912215,0.018666666666666668,0.9813333333333332,366,0.009051554506099959,0.19072433559145388
PicsOfUnusualBirds,2297.0,4.646859865667438,0.005,0.995,344,0.18197573656845756,0.1497605572485851
PictureDescribot,882.0,2.7547561387594053,0.0,1.0,181,0.09939759036144577,0.20521541950113378
PlanetDolan,630.0,11.613817903859358,0.9777095416808824,0.02229045831911748,34862,0.006020843899805305,55.336507936507935
PocketMortys,6258.0,5.211521121064577,0.7297491039426524,0.27025089605734764,2744,0.07438930032054825,0.43847874720357943
PokemonGoBlue,512.0,4.35051382497837,0.625,0.375,287,0.05364995602462621,0.560546875
PokemonGoRed,527.0,4.278780853387525,0.4733824733824734,0.5266175266175266,2116,0.057262040197193775,4.015180265654649
Political_Bullshit,988.0,7.260690619366718,0.17708333333333334,0.8229166666666666,371,0.1199442119944212,0.37550607287449395
Political_Revolution,21380.0,6.37160575229069,0.2706368549327117,0.7293631450672884,27010,0.19702026565610906,1.26333021515435
PouncingFoxes,656.0,3.3139345482069973,0.1,0.9,37,0.125,0.056402439024390245
PrettyLittleCumsluts,10389.0,2.140329881509636,0.012693935119887164,0.9873060648801129,353,0.20306513409961685,0.03397824622196554
PrincessPixie,2367.0,3.4233488258431963,0.1851851851851852,0.8148148148148148,812,0.011412268188302424,0.34305027460920995
Procrastinationism,1030.0,4.430465894347284,0.6861313868613139,0.3138686131386861,191,0.040816326530612235,0.18543689320388348
ProgrammerTIL,9928.0,6.593593244301902,0.9970149253731344,0.0029850746268656717,1352,0.13304013194062672,0.1361804995970991
Programming_Irl,517.0,2.5117390924934355,0.08450704225352113,0.9154929577464788,48,0.15789473684210525,0.09284332688588008
ProperAnimalNames,1229.0,3.925364312385837,0.01834862385321101,0.981651376146789,796,0.09134233518665608,0.6476810414971521
PublicHealthWatch,871.0,5.611567090745371,0.054639175257731966,0.9453608247422679,865,0.12732407625323605,0.9931113662456946
PussyJuicy,2610.0,1.4551649818382744,0.002601908065915005,0.9973980919340849,225,0.3035714285714285,0.08620689655172414
RPDRDRAMA,782.0,5.031302404987115,0.16699604743083005,0.8330039525691699,809,0.16917112460179118,1.0345268542199488
RainmeterOC,536.0,5.523436881425643,0.4565217391304348,0.5434782608695652,126,0.5985130111524164,0.23507462686567165
Re_Zero,1967.0,5.276388381856988,0.378630403108305,0.6213695968916949,7340,0.10215712764720092,3.7315709201830196
RealJOMaterial,2241.0,2.2787095229946877,0.0703125,0.9296875,122,0.11737089201877934,0.054439982150825524
RealLifeShinies,6211.0,4.334022549546302,0.03343465045592705,0.9665653495440728,1248,0.12564632885211996,0.20093382708098534
RealTrueScienceFacts,1898.0,3.5016397768957903,0.13008130081300814,0.8699186991869918,145,0.04296875,0.07639620653319283
RealWhores,5813.0,2.7460332619645405,0.0,1.0,231,0.045454545454545456,0.039738517116807155
Real_Amateurs,6824.0,2.6958300185291626,0.008097165991902834,0.9919028340080972,706,0.14019189765458426,0.10345838218053928
Realcheaters,1012.0,3.036498125785565,0.9607843137254902,0.0392156862745098,108,0.005025125628140704,0.1067193675889328
RebeccaStilles69,2134.0,3.0423737729131246,0.09323583180987204,0.906764168190128,578,0.08293998651382332,0.27085285848172447
RedPillWives,1167.0,6.56063723729979,0.8328530259365994,0.16714697406340054,678,0.1192469566004435,0.5809768637532133
RedditReleases,578.0,7.056509335669848,0.5633802816901409,0.4366197183098591,193,0.4202626641651032,0.33391003460207613
ReverseBullshit,510.0,4.901436638074033,0.19047619047619047,0.8095238095238095,51,0.19607843137254904,0.1
ReverseGangBangz,2254.0,-0.3940949454585808,0.030769230769230767,0.9692307692307692,30,0.3939393939393939,0.013309671694764862
RewardableApp,1013.0,4.5737948743320525,0.9467787114845938,0.05322128851540616,615,0.011105327086586849,0.6071076011846002
RightwingLGBT,1222.0,6.6130816315716325,0.2360300250208507,0.7639699749791493,966,0.12680054673535907,0.79050736497545
RoastMyCar,4213.0,4.3902092840222045,0.029576746557878637,0.9704232534421212,3785,0.02483223762646047,0.8984096843104676
Roast_Me,2457.0,4.379040375951706,0.007491571981520789,0.9925084280184792,14260,0.0068331793156408225,5.803825803825804
RoyaleRecruit,1713.0,5.1297742997812135,1.0,0.0,9240,0.6117713960762013,5.394045534150613
S7Edge,2188.0,5.1155753036283205,0.8068459657701712,0.19315403422982885,2612,0.07793764988009592,1.193784277879342
SCJerk,1953.0,5.094725084251139,0.8231041944840922,0.17689580551590772,2363,0.21685911172090586,1.2099334357398874
SUPERhotCAMgirls,1446.0,2.0021413308913316,0.025,0.975,20,0.125,0.013831258644536652
Sabrina_Nichole,982.0,3.2182196372230973,0.375,0.625,122,0.07851239669421488,0.12423625254582485
SandersMedia,768.0,4.974992597800296,0.014938886373924853,0.9850611136260752,295,0.7058823529411765,0.3841145833333333
SarahRoseMcDaniel,1924.0,3.5626397094156097,0.03255813953488372,0.9674418604651164,131,0.21739130434782608,0.06808731808731809
ScienceHumour,2069.0,4.692606477476351,0.4925373134328358,0.5074626865671642,208,0.13953488372093026,0.10053165780570324
ScienceSubreddits,680.0,7.069943347943841,0.4390243902439024,0.5609756097560976,33,0.15789473684210525,0.04852941176470588
SelfieNudes,588.0,1.7302856001176743,0.0006234413965087283,0.9993765586034912,33,0.9111111111111112,0.05612244897959184
SexyArabGirls,1801.0,2.633069868040457,0.0111731843575419,0.988826815642458,96,0.3037037037037037,0.053303720155469185
SexyEducation,674.0,2.5523242630385496,0.010204081632653059,0.9897959183673468,14,0.0,0.020771513353115726
SexyPornModels,515.0,0.22491115801367276,0.0,1.0,12,1.2769230769230768,0.02330097087378641
Shadowverse,770.0,5.543950126663007,0.7118343195266272,0.2881656804733728,7167,0.08886847094125447,9.307792207792208
ShatteredSkies,529.0,4.8766295775786865,0.5100286532951289,0.4899713467048711,632,0.04352850539291217,1.1947069943289226
ShionUtsunomiya,1647.0,1.4156311310703835,0.02247191011235955,0.9775280898876404,52,0.17757009345794392,0.031572556162720096
ShowoffsCrashingCars,672.0,4.206457361779971,0.0,1.0,194,0.09036144578313253,0.28869047619047616
ShroomThoughts,608.0,4.4645397278970025,1.0,0.0,129,0.0625,0.21217105263157895
SissyArtwork,748.0,2.496571236824701,0.04451038575667656,0.9554896142433236,38,0.5625,0.05080213903743316
SkyrimTogether,1384.0,4.9908881015111435,0.7266666666666667,0.2733333333333333,427,0.09392265193370164,0.30852601156069365
SlaveAuctions,1036.0,2.03861030821949,0.060606060606060615,0.9393939393939394,19,0.2692307692307692,0.01833976833976834
Slitherio,3145.0,4.513999963169969,0.4518348623853211,0.5481651376146789,3312,0.11917750734368444,1.053100158982512
Slutty_Alice,642.0,2.366061651129542,0.2222222222222222,0.7777777777777778,329,0.03141831238779174,0.5124610591900312
Soaking_Panties,530.0,-0.09104347406978902,0.024096385542168683,0.9759036144578314,18,0.5789473684210527,0.033962264150943396
SocialServicesStories,559.0,5.25355244048697,1.0,0.0,52,0.023529411764705882,0.09302325581395349
SocialismAndFeminism,540.0,8.583346636935188,0.13872832369942195,0.861271676300578,128,0.2567049808429119,0.23703703703703705
SocialismVCapitalism,729.0,8.064834226419656,0.7302158273381295,0.2697841726618705,508,0.10552536231884058,0.6968449931412894
Solarlux,1425.0,2.7381239443370182,0.15476190476190474,0.8452380952380952,348,0.0274079874706343,0.24421052631578946
SoulsSliders,2631.0,4.208159488314744,0.5781376518218624,0.4218623481781377,1606,0.24203187250996014,0.6104142911440517
SpacePatrolLuluco,530.0,5.1677114218543165,0.2679738562091503,0.7320261437908496,183,0.2037470725995316,0.3452830188679245
SpongeWatch,1737.0,4.095168930452764,0.11409395973154365,0.8859060402684564,398,0.10248447204968944,0.22913068508923431
Squatfuck,8634.0,1.6657971814032533,0.05605786618444846,0.9439421338155516,820,0.2313546423135464,0.09497336113041464
Stardew_Valley,848.0,4.1353630230535785,0.5454545454545454,0.4545454545454545,644,0.060420315236427324,0.7594339622641509
StellarisMods,1497.0,6.963513570902201,0.8864496593489779,0.11355034065102194,1080,0.08632947389802965,0.7214428857715431
StevenAveryIsGuilty,653.0,6.541468750463665,0.9213421342134214,0.07865786578657866,1195,0.08530699735675867,1.8300153139356814
Storyshift,1056.0,5.033527727717327,0.3923303834808259,0.6076696165191741,713,0.10642009769713888,0.6751893939393939
StreetFighterMods,1119.0,4.510762343889437,0.7194148936170213,0.28058510638297873,2017,0.15305284293145935,1.802502234137623
StretchedToBursting,7016.0,2.5006261394150457,0.0005635390250774866,0.9994364609749226,618,0.16896301667875271,0.08808437856328392
SubmissiveNightmare,559.0,3.0298760334152584,0.0,1.0,92,0.0,0.16457960644007155
SummonSign,2396.0,2.4217720092934667,1.0,0.0,4277,0.011408730158730158,1.7850584307178632
SuperAthleteGifs,12360.0,4.064449637018626,0.02196193265007321,0.9780380673499268,2384,0.12962962962962962,0.1928802588996764
SuperDadJokes,1622.0,5.616300169871013,0.6086956521739131,0.39130434782608703,196,0.03496503496503497,0.12083847102342787
SurgicalResidency,584.0,6.972516297049262,0.7619047619047619,0.2380952380952381,144,0.023157894736842103,0.2465753424657534
Surprised_Pornstars,828.0,1.3693671941466066,0.011764705882352941,0.9882352941176472,57,0.32432432432432434,0.06884057971014493
SurviveTogether,510.0,5.3562470647972855,1.0,0.0,2303,0.06824385805277525,4.515686274509804
TACN,853.0,4.200970443684322,0.8614668218859138,0.13853317811408614,685,0.03702309236947792,0.8030480656506448
THE_PACK,1985.0,4.583451503417893,0.027372262773722632,0.9726277372262774,2307,0.02896081771720613,1.1622166246851386
TVstreams,1874.0,3.12311811644888,0.9971098265895952,0.0028901734104046237,296,0.11431513903192585,0.15795090715048027
TWRP,925.0,4.50307782034132,0.2769607843137255,0.7230392156862745,422,0.1390922401171303,0.4562162162162162
TalesFromAdultStores,1628.0,5.1948976231398865,0.8513513513513513,0.14864864864864866,276,0.03304904051172708,0.16953316953316952
TaliyahMains,1074.0,6.317446979865906,0.6778115501519757,0.3221884498480243,1415,0.08358698197143526,1.3175046554934824
Tay_Tweets,14168.0,4.5861240049428655,0.29004329004329005,0.7099567099567099,1722,0.1765267175572519,0.12154150197628459
TheBarons,2485.0,4.328039724086218,0.9713919726729292,0.028608027327070882,1794,0.0296133716022286,0.7219315895372234
TheDangerousFaggot,914.0,4.439931957270155,0.14885496183206107,0.8511450381679391,187,0.20765027322404367,0.20459518599562362
TheDao,2451.0,6.0262721921433675,0.6204663212435233,0.3795336787564767,1332,0.1211682086723888,0.543451652386781
TheDickShow,1227.0,5.162666285735966,0.5523091423185674,0.44769085768143263,2106,0.05363546196688792,1.7163814180929096
TheDivision_LFG,2931.0,4.225164199567708,1.0,0.0,6078,0.024094657583363214,2.0736949846468784
TheHolySphere,1239.0,5.85165658846516,0.4070796460176992,0.5929203539823009,178,0.07171314741035857,0.14366424535916061
TheNamelessMan,4006.0,4.834767446078776,1.0,0.0,270,0.17975567190226874,0.06739890164752871
TheNightOf,570.0,5.649195780212198,0.8233870967741935,0.17661290322580644,8216,0.035271369515935465,14.414035087719299
TheOtherNight,803.0,4.788677961959213,0.0,1.0,8,0.0,0.009962640099626401
ThePathHulu,1208.0,6.3446475208548865,0.5097087378640777,0.4902912621359223,480,0.046587215601300115,0.3973509933774834
TheSilphRoad,12956.0,6.09489726332175,0.7997736106958268,0.20022638930417325,84924,0.04250861976457195,6.554800864464341
TheSockDrawer,1234.0,2.0664440360392455,0.05645161290322581,0.9435483870967742,125,0.12162162162162166,0.1012965964343598
The_DonaldUnleashed,2394.0,5.02597370707653,0.13211743772241993,0.8678825622775801,882,0.1700693374422188,0.3684210526315789
The_Farage,7911.0,5.562644899594795,0.11034015907937043,0.8896598409206296,3367,0.12940506689439227,0.4256099102515485
The_Nehlen,1494.0,3.338327117520395,0.23376623376623376,0.7662337662337663,317,0.11954992967651196,0.21218206157965194
ThickandBBWJeans,807.0,1.8429371480581351,0.009247027741083224,0.9907529722589168,131,0.08737864077669902,0.1623296158612144
ThirdLeg,2358.0,1.4672286501698697,0.08181818181818183,0.9181818181818182,68,0.489051094890511,0.02883799830364716
TickTockManitowoc,3107.0,6.084361234844778,0.7679640718562875,0.23203592814371254,3226,0.06561927001766715,1.0383006115223687
TimCanova,2987.0,5.232105451588568,0.2559322033898305,0.7440677966101695,666,0.14537194775695628,0.22296618680950786
Tittybombing,951.0,2.4607923389741577,0.0,1.0,36,0.09090909090909093,0.03785488958990536
ToMotivateYou,613.0,4.633170404904209,0.00945179584120983,0.9905482041587902,172,0.16463414634146342,0.2805872756933116
ToastCrumbs,1109.0,7.13460255810426,0.7928221859706363,0.20717781402936375,697,0.14458533741437107,0.6284941388638413
TopSecretRecipes,738.0,4.345888012478362,0.0913978494623656,0.9086021505376344,39,0.1452991452991453,0.052845528455284556
TrashySlut,980.0,3.064918931830697,0.0,1.0,64,0.19444444444444445,0.0653061224489796
Treebies,646.0,4.948872022895509,0.3142857142857143,0.6857142857142857,68,0.07142857142857142,0.10526315789473684
TrollAnxiety,2797.0,5.252820148995797,0.12727272727272726,0.8727272727272727,502,0.10189982728842832,0.1794780121558813
TrueBigDickStories,688.0,4.100580684559195,0.9278688524590164,0.07213114754098361,509,0.06238003838771593,0.7398255813953488
TrueFMK,3547.0,-1.5946947263879736,0.0022354694485842027,0.9977645305514158,1253,0.007543774655685514,0.3532562729066817
TryMike4instance,513.0,3.8370238290125047,0.35815602836879434,0.6418439716312057,240,0.11052631578947368,0.4678362573099415
TurtleFacts,12376.0,4.848939812075642,0.01627906976744186,0.983720930232558,957,0.3209302325581395,0.07732708468002586
UncensoredNewsNetwork,1714.0,5.850873017603592,0.3181818181818182,0.6818181818181818,121,0.08609271523178808,0.0705950991831972
UnconventionalMakeup,5324.0,4.407715908399611,0.12032085561497324,0.8796791443850267,1543,0.07016042780748663,0.2898196844477836
UnderboobGW,664.0,2.6234805985327307,0.025078369905956112,0.974921630094044,336,0.02391304347826087,0.5060240963855421
UneasyAlliance,1179.0,5.391195752727706,0.2573643410852713,0.7426356589147287,591,0.13149171270718232,0.5012722646310432
UnexpectedMouthCatch,1450.0,3.2215784519611304,0.05263157894736842,0.9473684210526316,85,0.12121212121212123,0.05862068965517241
UnexpectedPreston,612.0,5.3972939704173015,0.10309278350515463,0.8969072164948454,80,0.2612612612612613,0.13071895424836602
UnexpectedRubio,515.0,4.071152708509142,0.16666666666666666,0.8333333333333334,59,0.02631578947368421,0.1145631067961165
UniUK,613.0,6.9352098915159255,0.921847246891652,0.07815275310834814,848,0.04587570621468927,1.3833605220228384
UnlockCourseHeroDoc,1447.0,2.087452319078116,1.0,0.0,12,0.0,0.0082930200414651
Ustabiaz,1035.0,5.293543771116844,0.6666666666666666,0.3333333333333333,239,0.12949640287769784,0.23091787439613526
VACsucks,575.0,5.181904965956735,0.2882120699379583,0.7117879300620418,3218,0.10729137787635154,5.596521739130435
VRUI,1016.0,6.303675085014024,0.2393162393162393,0.7606837606837606,128,0.15568862275449102,0.12598425196850394
VRplugins,1940.0,5.591900834969954,0.1761786600496278,0.8238213399503722,235,0.1650485436893204,0.1211340206185567
ValleyModders,519.0,5.339683673731057,0.8848167539267016,0.11518324607329845,267,0.3088235294117647,0.5144508670520231
VirtualVistas,890.0,4.840507546719874,0.25862068965517243,0.7413793103448276,54,0.14754098360655735,0.060674157303370786
WCPW,604.0,5.85644829029125,0.4416403785488959,0.5583596214511041,324,0.037886340977068785,0.5364238410596026
Weakendgunnit,797.0,2.8895345053349977,0.06939704209328783,0.9306029579067122,1041,0.04105356091818717,1.3061480552070264
WhiteAndThick,1889.0,1.4912117469451716,0.035502958579881665,0.9644970414201184,294,0.3072916666666667,0.1556379036527263
WithoutCGI,2874.0,4.356856089579167,0.0375,0.9625,129,0.2346938775510204,0.04488517745302714
WomenAtWork,1292.0,2.6313044998592887,0.0,1.0,165,0.004132231404958678,0.12770897832817338
WomenBendingOver,5568.0,3.66890675466456,0.02631578947368421,0.9736842105263158,190,0.05867346938775511,0.03412356321839081
WomenForTrump,1852.0,5.216914702302993,0.06931702344546381,0.930682976554536,903,0.2472073822243808,0.48758099352051837
WredditCountryClub,964.0,5.874850950838673,0.9988179669030732,0.0011820330969267141,1038,0.05032842582106455,1.0767634854771784
WtWBUaDaMiFU,723.0,-0.9136363636363632,0.0,1.0,3,0.0,0.004149377593360996
YeezyOrDie,1350.0,3.5352282308663936,0.7408847836655323,0.2591152163344677,1178,0.062116432463435615,0.8725925925925926
Yiffbondage,763.0,2.790881536235297,0.030303030303030307,0.9696969696969696,155,0.24878836833602586,0.20314547837483618
YogaHotness,2266.0,2.9459359018887983,0.0007471980074719801,0.999252801992528,307,0.3030927835051546,0.1354810238305384
YogsOutOfContext,507.0,3.4830468438778026,0.057142857142857134,0.9428571428571428,91,0.015873015873015872,0.1794871794871795
YogsRust,640.0,4.98143818070715,0.64293659621802,0.35706340378198,820,0.056845339706384425,1.28125
ZoomingGifs,4699.0,3.6284146505756567,0.02564102564102564,0.9743589743589745,258,0.2206896551724138,0.05490529899978719
ZootopiaPorn,1787.0,2.9676882354952,0.06944444444444445,0.9305555555555556,261,0.4994219653179191,0.1460548405148293
aRgRd,596.0,4.7921687751786175,0.35714285714285715,0.6428571428571429,40,0.05555555555555555,0.06711409395973154
a_little_naughty,1149.0,3.5199376392802493,0.3698630136986301,0.6301369863013698,317,0.040229885057471264,0.2758920800696258
abetterworldnews,903.0,6.5790490540970135,0.0017435409732128706,0.9982564590267872,639,1.234207389749702,0.707641196013289
absolutelynotmeirl,1017.0,3.540068270893503,0.035647279549718566,0.9643527204502814,1315,0.06740331491712707,1.2930186823992134
abusedsluts,1196.0,1.2990678038453598,0.0547945205479452,0.9452054794520548,204,0.13333333333333333,0.1705685618729097
acesup,940.0,5.356294934913478,1.0,0.0,450,0.03036098493903897,0.4787234042553192
adultvrgames,924.0,5.729539475313504,0.5673981191222571,0.4326018808777429,695,0.1504,0.7521645021645021
ageprogresspics,4389.0,2.6515024511819894,0.026086956521739132,0.9739130434782608,336,0.2309236947791165,0.07655502392344497
aintnosnitch,751.0,3.329977583777356,0.05555555555555555,0.9444444444444444,35,0.0,0.04660452729693742
airportceo,736.0,7.675217043157143,0.6883720930232559,0.3116279069767442,208,0.04627949183303085,0.2826086956521739
alliterasie,755.0,0.22505063231588504,0.023880597014925373,0.9761194029850746,20,0.4107142857142857,0.026490066225165563
amateur_bbw,742.0,2.565791974000694,0.0480295566502463,0.9519704433497536,726,0.022222222222222227,0.9784366576819407
amateur_milfs,1021.0,2.27276860286422,0.01842948717948718,0.9815705128205128,640,0.2136181575433912,0.6268364348677767
androidafterlife,2397.0,5.1700799592094935,0.8173076923076923,0.18269230769230768,291,0.14201183431952666,0.1214017521902378
animalworkouts,1021.0,2.6127345509218185,0.08333333333333333,0.9166666666666666,60,0.2833333333333333,0.058765915768854066
animeJOmaterial,962.0,2.7475689384291546,0.013266998341625208,0.9867330016583749,31,0.14814814814814814,0.032224532224532226
apocalympics2016,6985.0,5.418113335490048,0.04026115342763874,0.9597388465723612,11121,0.0875117702448211,1.5921259842519686
asscache,895.0,-0.8230699404877969,0.01675977653631285,0.9832402234636872,40,1.346820809248555,0.0446927374301676
assignedmale,2235.0,5.04964152749956,0.17142857142857146,0.8285714285714286,1090,0.15179340028694405,0.48769574944071586
avengersacademygame,3317.0,5.774463990721077,0.7348178137651822,0.2651821862348178,4556,0.02720777127167209,1.373530298462466
avengersacademyios,666.0,6.179711588559327,0.9002822201317028,0.09971777986829727,936,0.023532522474881017,1.4054054054054055
aww_RealGirls,1055.0,1.5260613571572381,0.00022326412145568208,0.9997767358785444,258,0.4853195164075993,0.24454976303317535
babyrooms,567.0,3.852817104454864,0.12844036697247707,0.8715596330275229,191,0.182370820668693,0.3368606701940035
basketballshorts,1346.0,1.0246283934481832,0.0,1.0,128,0.3057142857142857,0.0950965824665676
battlefield1,539.0,4.317910548207217,0.478125,0.521875,652,0.03836930455635491,1.209647495361781
battlefield_one,17189.0,5.0750011329220746,0.6181721943221575,0.3818278056778425,85349,0.04536456978605029,4.965326662400372
beautifulnudegirls,810.0,3.551585714285716,0.008,0.992,24,0.2,0.02962962962962963
bentoverblowjobs,3613.0,0.22079218280388152,0.018648018648018648,0.9813519813519812,108,0.7263157894736842,0.02989205646277332
bestofmumsnet,2378.0,4.615243916247571,0.15294117647058825,0.8470588235294118,331,0.07417218543046357,0.13919259882253995
beyondthegame,1422.0,5.544421887657528,0.055276381909547735,0.9447236180904522,182,0.25267665952890794,0.1279887482419128
bizarrebuildings,10530.0,4.610537922033358,0.00530035335689046,0.9946996466431096,2528,0.15487159380513624,0.24007597340930675
blackwatch,1585.0,6.1659041307293245,0.6575342465753424,0.3424657534246575,190,0.09405940594059406,0.11987381703470032
blondesinblue,639.0,2.5317837082222567,0.0,1.0,94,0.3910614525139665,0.14710485133020346
bluedotvapors,614.0,3.6435997303505836,0.9133333333333332,0.08666666666666667,551,0.016097875080489377,0.8973941368078175
borderlessinternet,1045.0,5.372700057057683,0.978386167146974,0.021613832853025938,855,0.09659986489529383,0.8181818181818182
bustywenches,550.0,3.228503782823115,0.0,1.0,47,0.0576923076923077,0.08545454545454545
catshiding,1617.0,3.2838032197893967,0.07692307692307693,0.9230769230769232,105,0.06382978723404255,0.06493506493506493
ccKufiPrFa,1192.0,16.542250233356153,0.6050955414012739,0.3949044585987261,580,0.052017937219730935,0.4865771812080537
characterforge,1242.0,8.067474659309926,0.8600823045267489,0.13991769547325106,272,0.06315789473684211,0.21900161030595813
chasedbyanimals,1852.0,4.5360630290050326,0.054545454545454536,0.9454545454545454,183,0.1096345514950166,0.0988120950323974
civ_memes,1066.0,5.174065163413158,0.027190332326283987,0.9728096676737159,422,0.1900709219858156,0.39587242026266417
colorsexcomics,1716.0,2.910529525679015,0.011363636363636364,0.9886363636363636,25,0.20512820512820512,0.014568764568764568
courseherofree,1159.0,0.798857142857144,0.9583333333333334,0.04166666666666666,19,0.0,0.01639344262295082
courseherorequests,2157.0,4.098380647130649,0.9836065573770492,0.016393442622950817,24,0.0,0.011126564673157162
creampie_anal_pussy,625.0,0.09748456790123534,0.0,1.0,21,0.2777777777777778,0.0336
creepypmsanarchy,536.0,3.4489156509547434,0.3333333333333333,0.6666666666666666,69,0.02,0.1287313432835821
crtgaming,971.0,5.631548393897452,0.5073825503355704,0.4926174496644296,898,0.1660261337432744,0.9248197734294542
cutepanties,513.0,-0.007575818789053008,0.007547169811320755,0.9924528301886792,24,0.6323529411764706,0.04678362573099415
cynicalbritofficial,19488.0,6.824466668090182,0.6193415637860082,0.38065843621399176,8555,0.12642556848535527,0.43898809523809523
dankruto,666.0,3.8319799918432413,0.04713804713804714,0.9528619528619529,444,0.1115569823434992,0.6666666666666666
deadbydaylight,3707.0,5.778492077002753,0.7220155679548116,0.2779844320451884,15692,0.046913315076339286,4.233072565416779
deadpoolshould,794.0,3.6022530491382527,1.0,0.0,202,0.06692913385826772,0.25440806045340053
deeviouslittlelamb,1305.0,2.4396063802586108,0.0,1.0,177,0.05691056910569105,0.135632183908046
democraciv,934.0,6.600269531709625,0.7698771816418876,0.2301228183581125,759,0.0777316491476018,0.8126338329764454
designfreebie,1605.0,4.193527432819029,0.048154093097913325,0.9518459069020868,247,0.06944444444444445,0.15389408099688473
designstudents,848.0,6.527340827550802,0.7183098591549296,0.28169014084507044,213,0.1858529819694868,0.2511792452830189
diamondshapedwaffles,531.0,3.927189671702317,0.64,0.36,120,0.04365079365079365,0.22598870056497175
diaryofreddit,503.0,5.693852231516364,1.0,0.0,59,0.028571428571428567,0.1172962226640159
discoveredspecies,4002.0,3.765396327728464,0.08955223880597014,0.9104477611940298,169,0.11682242990654206,0.04222888555722139
disneyvacation,773.0,3.8606164138067527,0.051428571428571435,0.9485714285714286,179,0.19005847953216373,0.2315653298835705
diyelectronics,4263.0,6.584429485958807,0.6898907103825137,0.31010928961748635,1158,0.2537180910099889,0.2716396903589022
diytubes,1256.0,6.1937023349401255,0.4632352941176471,0.5367647058823529,373,0.2965604026845637,0.29697452229299365
doitforstatesnaps,1207.0,1.4207234432234448,0.0,1.0,9,0.0,0.007456503728251864
donttouchthat,4115.0,3.5790090455780152,0.04444444444444445,0.9555555555555556,694,0.12866015971606035,0.16865127582017012
drawyourweapons,506.0,3.9810896434394905,0.6545961002785515,0.3454038997214485,239,0.27705627705627706,0.4723320158102767
dropgoogle,640.0,5.435933617533994,0.2297297297297297,0.7702702702702703,152,0.2661596958174905,0.2375
dumbdolls,915.0,2.0348827209401867,0.0,1.0,64,0.1885245901639344,0.06994535519125683
dumblookinganimals,1670.0,3.7264885393620286,0.008620689655172414,0.9913793103448276,285,0.15864022662889518,0.17065868263473055
durrplant,632.0,4.207916425211013,0.5170940170940171,0.4829059829059829,355,0.025157232704402517,0.5617088607594937
edmpacks,565.0,3.975427916330414,0.3333333333333333,0.6666666666666666,62,0.2653061224489796,0.10973451327433628
eekoouk,526.0,2.5729218201836885,0.25,0.75,129,0.0199203187250996,0.24524714828897337
embarrassedhappygirls,12119.0,2.989117484006601,0.028328611898017,0.9716713881019832,479,0.16359163591635914,0.03952471326016998
enbro,3424.0,6.647132785761768,0.7820512820512819,0.21794871794871795,1739,0.046730191880955486,0.5078855140186916
ericzane,569.0,4.8073586799410455,0.5963636363636363,0.4036363636363636,287,0.06670252824098978,0.5043936731107206
ethinvestor,743.0,6.53147582275784,0.5241935483870968,0.4758064516129033,221,0.17096774193548386,0.297442799461642
evilbuildings,34613.0,4.900846401731424,0.019286189315007758,0.9807138106849922,17010,0.13540372670807455,0.49143385433218734
f0xing,837.0,3.289013369057174,0.1134020618556701,0.8865979381443299,266,0.015781922525107604,0.31780167264038234
facedacam,2094.0,1.3582822720221954,0.0038167938931297713,0.9961832061068704,47,0.2888888888888889,0.022445081184336198
fandurr,1773.0,4.730474315592248,0.01282051282051282,0.9871794871794872,45,0.3636363636363637,0.025380710659898477
feelinfrisky,732.0,2.5467557344089236,0.0,1.0,182,0.037383177570093455,0.24863387978142076
fffxxx,1556.0,3.112920318339868,0.0017346053772766695,0.9982653946227232,50,0.8547794117647058,0.032133676092544985
finishing,3061.0,5.701253154485585,0.7633851468048359,0.2366148531951641,939,0.0924706555969081,0.3067624959163672
fishpost,4688.0,3.707911523784887,0.05972434915773354,0.9402756508422664,607,0.06296296296296296,0.12947952218430034
fived,898.0,6.585077808301344,0.2702702702702703,0.7297297297297297,73,0.2524271844660194,0.08129175946547884
fixingmovies,16485.0,7.04896469495018,0.8412806539509536,0.15871934604904633,7750,0.04351901446170327,0.47012435547467396
flippyshit,2607.0,3.968590238696327,0.013392857142857142,0.9866071428571428,312,0.16666666666666666,0.11967779056386652
freckledfire,1052.0,3.0804590133409544,0.14666666666666667,0.8533333333333334,301,0.030303030303030307,0.28612167300380226
frettonpics,753.0,3.395876813140979,0.02205882352941177,0.9779411764705882,37,0.3617021276595745,0.049136786188579015
frprn,4174.0,0.5758160526143963,0.0,1.0,762,1.2165871121718377,0.18255869669381888
fuckHOA,2117.0,5.563109757451204,0.927536231884058,0.07246376811594203,414,0.03170731707317073,0.19555975436939066
fuckfelicity,778.0,6.256088144565628,0.6473988439306358,0.3526011560693641,265,0.06696428571428571,0.34061696658097684
fuckyourGopro,5825.0,4.5901683510848175,0.0,1.0,307,0.09915014164305948,0.052703862660944206
future_fight,1941.0,5.903990536472571,0.7285085965613755,0.2714914034386245,4944,0.05892158548083785,2.547140649149923
gamedetectives,5572.0,6.373302500198472,0.997266265718972,0.002733734281027884,4413,0.19154771113142532,0.7919956927494616
gendertransformation,507.0,4.638749953819967,0.05825242718446603,0.941747572815534,61,0.32098765432098764,0.1203155818540434
getthatguyabeer,4148.0,2.8555079634228893,0.13829787234042554,0.8617021276595744,352,0.14093959731543626,0.08486017357762778
ggoverwatch,509.0,4.90267125385067,0.5640326975476839,0.4359673024523161,770,0.034323432343234324,1.512770137524558
girlsuncovered,7453.0,2.6795555367937904,0.002921307285010042,0.99707869271499,895,0.1560549313358302,0.12008587146115658
girlsway,745.0,0.6118108724971473,0.016393442622950817,0.9836065573770492,14,0.8148148148148148,0.01879194630872483
giveusanotherone,1285.0,4.521681626768491,0.05194805194805195,0.9480519480519479,119,0.054054054054054064,0.09260700389105059
glitches_gone_sexual,1470.0,1.864950991430286,0.04615384615384616,0.953846153846154,104,0.3133333333333333,0.0707482993197279
grandpajoehate,1146.0,4.023462877137646,0.6,0.4,536,0.021739130434782608,0.4677137870855148
greenscreenqueen,902.0,2.583688186813188,0.1153846153846154,0.8846153846153846,54,0.19047619047619047,0.0598669623059867
guessmybf,510.0,3.0255959640982577,0.002219755826859045,0.9977802441731408,732,0.035536159600997506,1.4352941176470588
handmadegifts,698.0,3.4772991647962077,1.0,0.0,63,0.15789473684210525,0.09025787965616046
happycowgifs,1237.0,2.161697893909688,0.01818181818181818,0.9818181818181818,80,0.3391304347826087,0.0646725949878739
heavygames,2095.0,5.948670315202726,0.03296703296703297,0.967032967032967,264,0.15294117647058825,0.12601431980906921
hehestreams,612.0,3.8681452042549647,0.9475308641975309,0.05246913580246913,622,0.06663113006396587,1.0163398692810457
highrollersdnd,1639.0,6.576686534740744,0.7513061650992685,0.24869383490073144,1126,0.08809704321455647,0.6870042708968883
holdmycane,1170.0,2.741596391864382,0.08823529411764706,0.9117647058823528,101,0.10526315789473684,0.08632478632478632
horaceandpete,1186.0,6.069120825047442,0.7099567099567099,0.29004329004329005,866,0.03565705128205128,0.730185497470489
hotelhotties,1272.0,2.64118417733114,0.008438818565400843,0.9915611814345991,104,0.16447368421052633,0.08176100628930817
hottiesfortrump,4754.0,3.3354671696097187,0.03448275862068965,0.9655172413793104,1830,0.08525948539031836,0.38493899873790494
hugeboobsjav,532.0,5.699940343679877,0.0031678986272439284,0.9968321013727559,50,0.09818181818181818,0.09398496240601503
hulahoopgirls,536.0,1.7750807682756649,0.0,1.0,42,0.5686274509803921,0.07835820895522388
hydraulicpress,1362.0,5.843182867662399,0.0664819944598338,0.9335180055401662,247,0.7261072261072261,0.18135095447870778
hydraulicpresschannel,10094.0,4.441694639816214,0.2928921568627451,0.7071078431372549,2647,0.08838853740230741,0.26223499108381215
imaginarystephenking,538.0,2.8271956198753063,0.0,1.0,76,0.5530973451327433,0.1412639405204461
iphonesex,1253.0,2.135256846328276,0.0,1.0,27,0.057142857142857134,0.02154828411811652
itsthetie,619.0,3.352266863596266,0.025974025974025976,0.9740259740259741,48,0.03225806451612903,0.07754442649434572
iwanttoapologize,3483.0,3.5536420855926263,0.037037037037037035,0.9629629629629628,459,0.10510948905109488,0.13178294573643412
johnpersonsthepit,1205.0,3.366004381757869,0.03932584269662921,0.9606741573033708,123,0.20789473684210527,0.1020746887966805
joinrobin,11614.0,4.810018049090012,0.5996147495872317,0.4003852504127683,8832,0.06690131009246067,0.7604615119683141
junomission,2534.0,7.0521749972267695,0.191358024691358,0.8086419753086421,455,0.2417695473251029,0.17955801104972377
juststart,1683.0,6.0811293333743945,0.9973890339425588,0.0026109660574412533,941,0.07524752475247523,0.5591206179441474
keriberry_420,5795.0,2.4913141124597065,0.09354536950420954,0.9064546304957904,1722,0.04224774405250205,0.29715271786022435
kfanservice,582.0,2.894144933489505,0.043596730245231606,0.9564032697547684,151,0.4751655629139073,0.25945017182130586
kilian,1392.0,4.267871673780869,0.5458937198067633,0.4541062801932367,680,0.0669090909090909,0.4885057471264368
kissmyasteroid,2894.0,3.612939294766557,0.08823529411764706,0.9117647058823528,385,0.02344273275284662,0.13303386316516932
kittyhugs,763.0,2.198986176071404,0.05,0.95,22,0.6818181818181818,0.028833551769331587
koutetsujounokabaneri,589.0,5.926705195386235,0.3928571428571429,0.6071428571428571,336,0.09339407744874716,0.5704584040747029
kpopgfys,1650.0,2.5377923060848624,0.01904761904761905,0.9809523809523808,361,0.4071011673151751,0.21878787878787878
kronos2wow,1501.0,5.0037453424912535,0.8278931750741841,0.17210682492581605,2690,0.0666235446313066,1.7921385742838107
learnVRdev,1324.0,7.14886948283795,0.5031847133757962,0.4968152866242038,218,0.2465277777777778,0.1646525679758308
learntoadult,3295.0,5.405783409298405,1.0,0.0,350,0.033773861967694566,0.1062215477996965
legaladviceinaction,2094.0,5.999550002712921,0.1383495145631068,0.8616504854368932,769,0.27565502183406115,0.36723973256924547
legoleaks,725.0,5.199459334909808,0.22857142857142854,0.7714285714285715,158,0.0916030534351145,0.21793103448275863
lifeupdate,2865.0,5.30463917818543,0.1810344827586207,0.8189655172413793,202,0.07169811320754718,0.07050610820244328
lookback,1281.0,0.8949637961245115,0.0392156862745098,0.9607843137254902,62,0.3690476190476191,0.04839968774395004
malesexydancing,695.0,-1.037201417389621,0.0,1.0,45,1.1555555555555554,0.06474820143884892
manoman,777.0,2.177350330080362,0.007894736842105262,0.9921052631578948,47,0.3488372093023256,0.06048906048906049
mattcolville,570.0,7.544394923437031,0.8741044012282497,0.12589559877175024,1356,0.10948275862068964,2.3789473684210525
meeptests,962.0,-0.0600000000000005,0.3333333333333333,0.6666666666666666,2,0.0,0.002079002079002079
meormyson,3379.0,2.209584443639771,0.0034662045060658573,0.9965337954939342,573,0.10569105691056913,0.16957679786919208
messyjessie58,1988.0,3.6203351459585513,0.20454545454545456,0.7954545454545454,195,0.02803738317757009,0.09808853118712274
mildlysketchy,1724.0,3.4881839815342177,0.054054054054054064,0.945945945945946,152,0.07881773399014777,0.08816705336426914
milfcumsluts,6112.0,2.8048905280107763,0.016393442622950817,0.9836065573770492,304,0.18510158013544015,0.049738219895287955
minutegaming,693.0,4.238086568553176,0.09523809523809523,0.9047619047619048,68,0.10365853658536583,0.09812409812409813
mowerthoughts,1162.0,3.9417789646748185,0.6531791907514449,0.3468208092485549,294,0.15176151761517614,0.25301204819277107
mrs_gault,1997.0,3.200279193457824,0.20689655172413796,0.7931034482758621,321,0.05968992248062016,0.16074111166750124
mspaintplots,1022.0,2.1437598204264883,0.040540540540540536,0.9594594594594594,65,0.26666666666666666,0.06360078277886497
muaconspiracy,831.0,6.561132218594836,0.8076923076923077,0.19230769230769232,62,0.07216494845360824,0.07460890493381468
naughtyinpublic,10877.0,2.8802752020973617,0.005924170616113744,0.9940758293838864,518,0.13447782546494993,0.047623425576905395
nhl_games,1043.0,4.244160508214838,0.8708333333333333,0.12916666666666668,714,0.09952809952809953,0.6845637583892618
notalodeon,1568.0,3.2233662987689327,0.09090909090909093,0.9090909090909092,51,0.1267605633802817,0.032525510204081634
onthescene,6361.0,5.123220921919981,0.32558139534883723,0.6744186046511628,412,0.08571428571428573,0.06476969030026726
open_news,3525.0,5.9036022432546025,0.022556390977443608,0.9774436090225564,574,0.4204545454545455,0.16283687943262412
orgasm_gif_squirt,533.0,4.148512820512821,0.0,1.0,23,0.5,0.043151969981238276
orlybooks,2835.0,4.466841287551149,0.0163265306122449,0.9836734693877552,244,0.11730205278592375,0.08606701940035273
osureport,651.0,4.753891652853318,0.9997877308427086,0.0002122691572914456,3139,0.16011544804837824,4.821812596006144
packetcapture,786.0,6.78753590489112,0.4705882352941176,0.5294117647058824,48,0.20454545454545456,0.061068702290076333
panty_ninja,539.0,3.584962452054228,0.1111111111111111,0.8888888888888888,195,0.012307692307692308,0.36178107606679033
pantygifs,1191.0,0.3044953009390938,0.007434944237918215,0.9925650557620818,78,0.4380952380952381,0.0654911838790932
pharmercy,1625.0,3.789739448817333,0.07473544973544974,0.9252645502645502,1048,0.27360637087599543,0.6449230769230769
phealinphine69,554.0,4.3259130155022385,0.3235294117647059,0.6764705882352942,65,0.13548387096774195,0.11732851985559567
phototechnique,2204.0,5.629193535047076,0.7318611987381703,0.26813880126182965,283,0.19012115563839704,0.12840290381125227
pokemongoyellow,603.0,4.5449888873814785,0.3601117134877608,0.6398882865122392,9654,0.073814316266197,16.00995024875622
porngems,526.0,1.2118493037414737,0.07142857142857142,0.9285714285714286,9,2.6578947368421053,0.017110266159695818
porninaminute,2937.0,1.5646071607212642,0.01694915254237288,0.9830508474576272,105,0.18552036199095026,0.03575076608784474
portabledabs,1061.0,5.402886829456824,0.722,0.278,682,0.1481173864894795,0.6427898209236569
portalknights,586.0,5.40379578889628,0.8251473477406679,0.17485265225933205,560,0.07636967349197565,0.9556313993174061
pouts,1001.0,4.36326441575266,0.0078125,0.9921875,209,1.4984802431610942,0.2087912087912088
privilegedpeoplegifs,2335.0,3.9274124356117435,0.05797101449275361,0.9420289855072465,497,0.08987341772151898,0.21284796573875803
pulsatingorgasms,1095.0,0.8093138543728661,0.036000000000000004,0.9640000000000001,54,0.4829931972789116,0.049315068493150684
pumparum,3531.0,2.2715961579552726,0.9998882140328652,0.00011178596713492568,7923,0.015699586294685482,2.243840271877655
pupper,847.0,3.0687466452117547,0.024539877300613498,0.9754601226993864,492,0.022131147540983602,0.5808736717827627
puppers,1492.0,2.840549327384966,0.027439024390243903,0.972560975609756,254,0.1210762331838565,0.17024128686327078
purplehailstorm,611.0,3.4781232967784113,0.16129032258064516,0.8387096774193549,296,0.06800445930880714,0.4844517184942717
pythontips,2990.0,6.947506222922442,0.987012987012987,0.012987012987012988,199,0.10187110187110188,0.0665551839464883
r4chanMeta,3350.0,3.3013859737842224,0.027777777777777776,0.9722222222222222,391,0.10903083700440527,0.11671641791044776
rapevan,614.0,3.631814022149353,0.045454545454545456,0.9545454545454546,97,0.06779661016949153,0.15798045602605862
realEstateWebsites,821.0,5.3859731648630715,0.01881720430107527,0.9811827956989247,234,0.13987473903966596,0.2850182704019488
recruitinghell,7223.0,5.934704302505213,0.2642201834862385,0.7357798165137615,2260,0.05572289156626506,0.3128893811435692
redheadxxx,908.0,2.712688548813289,0.0028142589118198874,0.99718574108818,141,0.21395348837209305,0.15528634361233482
researchrequest,539.0,4.485063410026724,0.7666666666666667,0.2333333333333333,110,0.5339366515837104,0.20408163265306123
resonatingfury,687.0,3.5831665065028546,0.9029535864978904,0.0970464135021097,178,0.10822510822510822,0.2590975254730713
risottomasterrace,783.0,4.701812006176387,0.32894736842105265,0.6710526315789473,149,0.07777777777777778,0.19029374201787994
robintracking,1239.0,16.740840900560094,0.9983686786296899,0.0016313213703099511,3788,0.11879117431768275,3.0573042776432606
roomguardian,1378.0,2.6065097848993655,0.05882352941176471,0.9411764705882352,49,0.19672131147540986,0.03555878084179971
s4t,1568.0,5.141403869651691,0.7278911564625851,0.272108843537415,278,0.1014799154334038,0.17729591836734693
samespecies,1153.0,2.339697947752184,0.05333333333333334,0.9466666666666668,151,0.15675675675675674,0.13096270598438856
sexypetites,5529.0,2.1545724037540737,0.0006459948320413437,0.9993540051679588,335,0.2616984402079723,0.0605896183758365
sharpcutting,1736.0,3.429016954574463,0.10909090909090907,0.8909090909090909,158,0.22127659574468084,0.09101382488479262
shaved_asians,4272.0,3.373583261181599,0.00129366106080207,0.998706338939198,224,1.8262626262626265,0.052434456928838954
shemaleselfie,751.0,0.7649180672268909,0.009501187648456056,0.990498812351544,110,0.2411764705882353,0.14647137150466044
shillingforhillary,523.0,5.6187237901765545,0.5454545454545454,0.4545454545454545,74,0.0967741935483871,0.14149139579349904
shirtbiting,783.0,3.096193833517152,0.03448275862068965,0.9655172413793104,101,0.015037593984962403,0.12899106002554278
shittyactionfigures,2702.0,4.039632398014148,0.020618556701030927,0.9793814432989691,602,0.07293666026871401,0.22279792746113988
shittyaskchefs,557.0,4.946229463905925,0.9166666666666666,0.08333333333333333,70,0.06,0.12567324955116696
shittyjudgequestions,1395.0,7.04576951746612,0.9967741935483873,0.0032258064516129032,526,0.7419554455445545,0.37706093189964157
shortykeepingittight,2042.0,2.6043121677964884,0.015873015873015872,0.984126984126984,160,0.18075801749271134,0.07835455435847209
sideloaded,1661.0,4.794938774635276,0.9031650339110776,0.09683496608892238,2461,0.06109708193041526,1.4816375677302829
simpsonswave,1615.0,3.900513053880901,0.10803324099722993,0.8919667590027701,384,0.12790697674418605,0.23777089783281732
sissykik,586.0,4.07640403630744,0.8812392426850258,0.11876075731497418,1016,0.012154696132596685,1.733788395904437
sissyology,518.0,6.639675881610367,0.8320610687022901,0.16793893129770993,162,0.10328638497652584,0.3127413127413127
skirtnoshirt,3565.0,3.4849401430912965,0.008281573498964804,0.9917184265010353,257,0.12834224598930485,0.07208976157082748
slightlypregnant,3826.0,3.6119126348630393,0.02127659574468085,0.9787234042553192,171,0.24458204334365324,0.044694197595399894
slutsandalcohols,15361.0,3.6251620461705736,0.015197568389057753,0.9848024316109424,627,0.1022944550669216,0.040817655100579386
slutsincollege,23275.0,2.3487878705898466,0.009783368273934313,0.9902166317260656,1227,0.09474206349206347,0.05271750805585392
slutsofsnapchat,9282.0,3.25637246101179,0.03718091009988901,0.962819089900111,832,0.11317567567567567,0.0896358543417367
sluttywife,1645.0,1.1523775152502242,0.0,1.0,57,0.19230769230769232,0.034650455927051675
smalltitsbigass,4635.0,2.8850667223977755,0.0163265306122449,0.9836734693877552,258,0.15724815724815724,0.05566343042071197
smilers,7834.0,1.9108500173983083,0.0009289363678588016,0.9990710636321412,959,0.2912234042553192,0.12241511360735256
smoobypost,2612.0,3.2030787166361785,0.02643171806167401,0.9735682819383259,1342,0.07368812802381837,0.5137825421133231
snapfuck,1311.0,6.533153852947122,0.6301703163017032,0.3698296836982968,361,0.008875739644970414,0.2753623188405797
soKukunelits,702.0,16.41114859425208,0.71,0.29,242,0.05594405594405594,0.34472934472934474
spongegar,1669.0,3.336790530555268,0.03636363636363636,0.9636363636363636,296,0.06159420289855073,0.1773517076093469
sportsgasm,2835.0,4.3086602228252735,0.024390243902439025,0.975609756097561,502,0.14823008849557526,0.17707231040564375
squiddytitties,2310.0,3.7464484343374815,0.0,1.0,179,0.04166666666666666,0.07748917748917748
stormtroofers,562.0,6.275382879117968,0.05641025641025641,0.9435897435897436,107,0.27165354330708663,0.1903914590747331
strippinthroughtime,769.0,4.484769058363424,0.08196721311475409,0.918032786885246,73,0.16521739130434782,0.09492847854356307
subbie,1299.0,7.412663287994897,0.7080610021786492,0.29193899782135074,1433,0.04161118508655127,1.103156274056967
subredditorigins,1102.0,4.324737524759748,0.20987654320987653,0.7901234567901234,97,0.8424657534246576,0.08802177858439202
sugarprogram,2919.0,6.000901418094982,0.7158469945355191,0.2841530054644809,522,0.09506790564689063,0.17882836587872558
survivetheculling,8064.0,5.62863806205092,0.7776577225523741,0.2223422774476259,9533,0.04579835137027614,1.1821676587301588
takebackgravityfalls,505.0,3.398712810129876,0.0550357732526142,0.9449642267473858,146,1.5619195046439633,0.2891089108910891
teachinginjapan,681.0,6.679831855863407,0.9132841328413284,0.08671586715867159,625,0.056103801169590635,0.9177679882525698
theartofracing,1095.0,6.7948754997539975,0.4961240310077519,0.5038759689922481,165,0.2394136807817589,0.1506849315068493
thegoddesseris,1179.0,3.999281003557871,0.2708333333333333,0.7291666666666666,184,0.026595744680851064,0.15606446140797287
thegrandtour,39444.0,5.19054842261801,0.39366160293347296,0.6063383970665269,15929,0.07496915014663696,0.40383835310820404
thingslikepeople,555.0,2.0192173906426816,0.025,0.975,43,0.3333333333333333,0.07747747747747748
tipsdonttouch,3457.0,0.4330892354092574,0.08424908424908427,0.9157509157509156,245,0.5702479338842975,0.0708706971362453
titsnboobs,1866.0,2.1588792205294287,0.0011389521640091116,0.9988610478359908,277,0.7389558232931727,0.14844587352625938
toiletviews,3971.0,3.9281925912096836,0.0,1.0,526,0.12280701754385966,0.13246033744648703
tokkiefeesboek,512.0,5.752555042575352,0.03816793893129771,0.9618320610687024,529,0.039245283018867934,1.033203125
toomanypillows,2941.0,5.817325054480412,0.21645021645021645,0.7835497835497836,649,0.05272407732864675,0.22067324039442365
topfilms,3346.0,8.761843886816246,0.6245654692931634,0.37543453070683663,1060,0.1134190231362468,0.3167961745367603
toptierhots,608.0,7.1022610641401815,0.8524590163934426,0.14754098360655735,148,0.06927710843373494,0.24342105263157895
trippingmrkrabs,941.0,2.815450043430625,0.06521739130434782,0.9347826086956522,64,0.01492537313432836,0.06801275239107332
trollbi,1391.0,4.662887441561431,0.0,1.0,310,0.12199807877041305,0.22286125089863407
trulyimpossible,577.0,4.425665642037737,0.22857142857142854,0.7714285714285715,34,0.12857142857142856,0.058925476603119586
tumblr_nsfw_gifs,1548.0,-3.241615286792777,0.0,1.0,71,2.501043841336117,0.0458656330749354
tumblrmoney,690.0,6.202525490329152,0.908284023668639,0.09171597633136094,221,0.05257332595462092,0.32028985507246377
turt_irl,591.0,2.944913814143716,0.010869565217391304,0.9891304347826086,93,0.1702127659574468,0.15736040609137056
unexpectedfactorial,3838.0,4.5714259591826,0.11472602739726027,0.8852739726027398,942,0.1079136690647482,0.24544033350703492
unexpectedkoolaidman,1364.0,3.47578462825219,0.17600000000000002,0.8240000000000001,350,0.08414872798434443,0.2565982404692082
vegangifrecipes,3831.0,5.740045105449145,0.0149812734082397,0.9850187265917604,536,0.2029520295202952,0.13991125032628557
videogamescience,2098.0,6.343301679070102,0.21846846846846849,0.7815315315315315,1177,0.09260120986505352,0.5610104861773118
videos4k,536.0,3.3010207050600653,0.017094017094017096,0.9829059829059827,78,0.0,0.1455223880597015
violentleft,1096.0,5.3545796711378975,0.035294117647058816,0.9647058823529412,591,0.10344827586206896,0.5392335766423357
virtualgeisha,744.0,3.4831788230025365,0.15789473684210525,0.8421052631578947,424,0.03567318757192175,0.5698924731182796
vrgamedeals,727.0,4.495673014776202,0.037383177570093455,0.9626168224299064,117,0.19209039548022602,0.1609353507565337
wellthatwaspointless,2584.0,6.5436491965810575,0.21649484536082475,0.7835051546391752,234,0.1291390728476821,0.09055727554179567
whenitgoesin,16551.0,1.745143020674908,0.0215311004784689,0.9784688995215312,920,0.3014888337468983,0.05558576521056129
wildflora,1215.0,3.7226578285276446,0.2702702702702703,0.7297297297297297,150,0.011251758087201124,0.12345679012345678
wildmeetsdomestic,1609.0,3.6983284513562595,0.16216216216216214,0.8378378378378378,99,0.22321428571428573,0.061528899937849595
womensstreetwear,2463.0,4.062177655553933,0.4037199124726477,0.5962800875273523,1121,0.17864131954151524,0.45513601299228584
wrestlenocontext,577.0,1.8565794153558868,0.0,1.0,55,0.41818181818181815,0.09532062391681109
wtfhoarders,1511.0,4.890910137640847,0.16129032258064516,0.8387096774193549,179,0.047413793103448267,0.1184645929847783
xdev,504.0,7.629537763331956,0.9384236453201972,0.061576354679802964,405,0.10445937690897984,0.8035714285714286
xratedtwerking,790.0,0.8998629148629159,0.023529411764705882,0.976470588235294,24,0.3809523809523809,0.030379746835443037
ye_irl,1691.0,2.79910895528266,0.054054054054054064,0.945945945945946,84,0.0,0.04967474866942637
youseeingthisshit,11962.0,3.9809258221952097,0.01896551724137931,0.9810344827586208,4424,0.15412605588044184,0.3698378197625815
